@rep:1
@time:5.199
@trys:16905
@seed:179424673
@dps-begin:
304,37,155,267,45
4,37,155,267,45
322,37,277,155,45
304,37,313,155,267,123,45
4,331,155,267,316,45
304,37,313,155,45
304,4,37,155,45
307,155,267,45
155,267,45
304,313,298,155,45
@dps-end:
@rep:2
@time:3.749
@trys:11730
@seed:125164703
@dps-begin:
292,88,155,319
88,267,155
337,88,155
307,88,267,155
325,88,155
68,267,155
68,155,267,334
68,155,334
68,295,155
88,155
@dps-end:
@rep:3
@time:3.415
@trys:11385
@seed:132011827
@dps-begin:
337,277,88,155
292,88,331,155
88,267,155
337,88,155
88,155,331,267
289,307,88,123,155
88,155,283
307,88,123,155
68,267,155
68,277,328,155
@dps-end:
@rep:4
@time:6.537
@trys:21045
@seed:124987441
@dps-begin:
322,37,155,267,45,319
37,328,155,283,301,45
37,155,283,45,301
289,37,155,283,45,319
337,37,283,155,45
337,37,328,155,45
322,155,267,45
155,301,45,319
155,267,45
155,45,301
@dps-end:
@rep:5
@time:3.427
@trys:12075
@seed:123979721
@dps-begin:
325,37,267,155,45
4,155,267,45,334
322,37,155,45,334
289,4,331,155,45
155,331,267,45
4,155,45,334
289,155,331,45
155,331,45
289,322,68,155,45
337,88,155,270
@dps-end:
@rep:6
@time:4.657
@trys:15525
@seed:119777719
@dps-begin:
37,331,155,267,301,45
4,37,155,267,45,301
4,37,155,331,45,301
277,37,310,155,331,45
337,277,37,155,45
4,37,298,331,155,45
337,4,298,155,45,301
37,155,331,45
337,4,37,331,155,45
337,4,298,155,331,45
@dps-end:
@rep:7
@time:4.118
@trys:14835
@seed:117705823
@dps-begin:
304,37,295,155,267,316,45
304,37,155,301,45
322,37,295,155,45
304,37,155,45
304,280,155,267,45
322,37,155,123,45
304,155,301,45
304,280,155,45
337,295,155,45
304,155,45
@dps-end:
@rep:8
@time:3.066
@trys:12075
@seed:112131119
@dps-begin:
292,155,45,319
155,45,319
289,325,88,155,319
292,88,155,45,319
88,267,155
88,267,155,319
88,155,319
289,88,155,301,319
292,88,155
68,155,267
@dps-end:
@rep:9
@time:5.078
@trys:17250
@seed:108626351
@dps-begin:
37,313,155,267,45
37,155,301,45
4,37,310,155,267,45
292,37,310,155,316,45
322,37,155,267,123,45
322,4,155,267,45
37,313,155,45
322,4,37,155,45
322,155,267,301,45
331,155,301,45
@dps-end:
@rep:10
@time:4.384
@trys:15525
@seed:107980007
@dps-begin:
337,155,283,45,319
337,280,155,45
337,155,331,45
337,155,45
337,280,88,155
280,328,88,155,319
88,328,280,155,45
337,88,280,155,45
337,88,155
88,155,301
@dps-end:
