@rep:1
@time:1.534
@trys:82000
@seed:179424673
@dps-begin:
1909,1478,454,71,1688,286,926
214,454,71,1688,286
416,980,294,1688,1066
1138,1688,1066,1962,286
1909,454,294,71,1692,286
294,454,71,1688,286,1503
291,71,1688
1909,294,71,1692
294,1688,1066,1962,286
980,294,1688,1066
@dps-end:
@rep:2
@time:1.067
@trys:84000
@seed:125164703
@dps-begin:
546,1172,1909,71,1688,889,286
1873,1909,294,454,71,1688
454,71,1688,286
546,1909,294,71,1692
544,291,454,999,71,1688
546,291,1909,549,294,71,1688,286
416,1909,294,999,1962,1692,286
294,71,1688
454,294,999,71
1909,294,71,1692
@dps-end:
@rep:3
@time:1.053
@trys:84000
@seed:132011827
@dps-begin:
294,454,71,1688,1848,926
1873,1909,454,294,71,1688
291,1909,454,294,71,1688,889
291,454,71,889,1692,286
291,294,454,71,1688,1848,1739
544,1909,294,454,71,1688
549,294,454,71,1848,1688
416,980,1909,294,1692
416,1848,1962,1692,286
291,294,71,1688
@dps-end:
@rep:4
@time:1.463
@trys:86000
@seed:124987441
@dps-begin:
546,1411,1478,294,71,1688
1873,546,294,71,1848,1688
416,135,792,286
546,291,71,1688
546,294,71,1899,1692
544,546,1138,294,1478,1688
544,546,1138,1909,1478,294,71,1688
546,294,71,1688,600
1909,294,135,893
416,1909,294,1962,1692
@dps-end:
@rep:5
@time:1.281
@trys:72000
@seed:123979721
@dps-begin:
1616,1909,294,454,71,1688
294,454,71,1688
1909,294,454,71,889,1692,286
294,454,71,1688,1449,286
291,71,1688
294,71,1848,1692
291,1688,1962,1066,286
291,1909,454,71
416,1909,294,1478,1688,1066
291,71,1688,1449
@dps-end:
@rep:6
@time:0.809
@trys:82000
@seed:119777719
@dps-begin:
1411,1909,294,454,71,1688,1848
1873,454,294,71,1688,286
1360,454,294,1688,1899
454,71,1688,889,286
546,294,71,889,1692
546,1909,71,855,889,1692,286
291,71,1688
1909,71,1692,286
1909,294,454,71
1648,71,1688,286
@dps-end:
@rep:7
@time:0.764
@trys:78000
@seed:117705823
@dps-begin:
1873,291,454,294,1478,71,1688
1411,1478,454,71,1688,286
291,294,454,71,1688
1138,792,1688,1066,286
1909,294,454,71,1848,1692
291,1909,294,454,71,1688,1739,286
1909,135,792,889,286
291,71,1688
1909,294,454,71
291,1909,71,1692
@dps-end:
@rep:8
@time:0.773
@trys:88000
@seed:112131119
@dps-begin:
416,1360,1909,1478,454,1688,286
1411,454,71,1688,286
1873,454,214,71,1688,286
1360,1478,454,1688,286
454,1478,71,1848,1688,286
291,294,454,71,1848,1692
416,792,1692,286
1909,135,792,286
416,980,1692,286
71,1688,286
@dps-end:
@rep:9
@time:0.948
@trys:88000
@seed:108626351
@dps-begin:
1873,1138,454,294,1688,286
1873,1138,1909,454,71,1688
1172,454,71,1688,286
294,454,71,1688
291,1909,294,454,71,1692
416,1909,294,792,1692
416,980,294,889,1692
291,71,1688
71,889,1692,286
416,294,792,286,79
@dps-end:
@rep:10
@time:0.948
@trys:104000
@seed:107980007
@dps-begin:
1360,416,546,1138,1411,294,454,1688,286
1360,1873,1138,294,454,1688,889
1360,546,1138,1909,454,294,1688,286
1360,416,454,1688,1739,286
1360,416,294,454,1688,286
1360,1873,546,1909,294,454,1688
1138,1909,294,454,71,1688,926
1873,546,1909,454,1478,71,1688,286
294,454,71,1692,926
1138,1909,454,294,1688,1337
@dps-end:
