@rep:1
@time:7.413
@trys:267794
@seed:179424673
@dps-begin:
320,960,962,772,454,838,966,840,456,522,970,842,1036,974,270,784,144,914,148,984,280,730,154,796,94,544,290,996,810,746,556,1006,178,626,818,250,506,572
960,320,962,454,838,966,8,456,840,842,778,522,970,1036,524,974,270,784,144,976,914,148,280,984,154,988,94,290,996,932,746,556,178,626,818,250,572,254
320,960,962,770,840,456,8,842,522,778,970,1036,974,270,144,784,338,914,148,852,730,154,796,988,220,94,290,996,932,810,618,746,556,560,626,178,818,504,696,250,506,316
960,320,962,770,838,966,456,840,8,842,522,970,1036,524,270,974,784,976,144,914,148,984,280,154,988,94,290,996,932,998,178,626,818,250,506
960,770,454,838,456,840,8,522,842,460,1036,270,1038,974,784,144,914,148,918,984,280,154,730,94,158,290,996,932,998,746,556,178,626,818,506,250
320,960,962,770,772,966,838,8,840,456,522,970,842,1036,974,784,144,148,280,984,154,730,988,94,290,618,556,626,178,818,250,506,572
320,960,962,838,8,840,968,456,842,522,778,974,270,144,784,914,148,532,852,280,730,154,538,94,990,290,996,932,998,618,746,556,1006,818,562,178,626,506,250
320,960,770,454,966,840,456,842,522,460,974,784,656,338,148,280,984,154,730,796,94,158,290,996,998,618,556,178,626,818,950,630,506,250,254
960,770,454,838,840,456,968,8,842,522,778,460,1036,974,270,656,784,144,914,148,280,984,730,154,94,290,996,998,178,626,818,696,506,254
960,320,454,838,968,840,8,522,970,842,1036,974,144,784,914,338,148,280,984,730,154,796,94,996,810,618,556,178,882,626,818,250
@dps-end:
@rep:2
@time:9.179
@trys:324062
@seed:125164703
@dps-begin:
320,960,770,966,454,456,840,842,970,844,1036,974,334,270,80,144,784,914,980,852,148,982,728,280,730,154,988,158,734,94,482,998,554,556,624,626,178,756,950,250,506,254
960,770,1028,454,838,326,8,968,72,456,840,970,842,1036,974,334,270,784,144,914,980,148,852,728,154,730,988,94,158,734,800,866,482,674,556,1008,178,626,250,506
320,960,770,966,454,456,840,842,970,844,1036,974,334,270,80,144,784,914,980,852,982,728,280,730,154,988,158,734,94,482,998,554,556,624,626,178,756,950,250,506,254
960,770,454,838,456,968,72,840,970,842,844,974,334,270,80,784,144,914,980,852,148,728,154,730,538,988,94,158,734,866,482,674,806,556,816,178,626,1010,756,250,254
320,960,770,454,838,968,72,456,840,970,842,1036,974,334,270,718,144,80,784,914,980,852,728,730,154,988,94,158,734,482,674,866,554,556,1008,626,178,756,250,1020,254
320,960,770,322,966,454,838,968,8,72,456,840,970,842,1036,844,974,334,270,144,80,784,914,338,980,852,728,984,730,154,988,94,158,734,482,674,554,556,626,178,756,250
320,960,770,966,838,454,8,456,970,842,1036,974,334,144,784,914,980,148,280,728,154,730,988,94,734,158,864,482,674,866,932,806,556,816,626,178,1010,818,250,506,254
320,960,770,454,840,968,72,456,842,970,1036,974,334,270,80,784,914,980,148,728,730,154,988,158,734,94,482,674,998,806,554,556,624,626,178,950,506,250,254
320,960,770,966,454,838,774,968,8,72,456,840,970,842,1036,844,974,334,270,144,80,784,914,980,852,148,728,730,154,794,988,94,158,734,482,674,554,556,626,178,756,250
320,960,770,966,454,456,840,842,970,844,1036,974,270,80,144,784,656,914,980,852,982,728,730,154,988,158,734,94,482,998,554,106,556,624,626,178,756,950,250,506,254
@dps-end:
@rep:3
@time:8.181
@trys:295928
@seed:132011827
@dps-begin:
960,1028,516,838,840,8,968,970,842,522,1036,844,974,334,784,656,914,980,148,984,728,154,730,794,988,94,158,734,482,618,556,626,178,250,254
960,1028,838,840,8,968,970,842,522,1036,844,974,784,656,914,980,148,728,154,730,988,94,158,734,482,932,618,556,626,178,506,250,254
320,960,322,1028,838,326,8,456,840,968,970,522,842,844,524,1036,974,334,784,144,914,980,148,984,154,730,734,94,674,866,482,746,554,556,1004,558,626,178,502,250,506,254
960,1028,516,838,840,8,968,970,842,522,1036,844,974,784,656,914,980,148,984,728,154,730,988,94,158,734,864,482,618,556,626,178,506,250,254
960,322,838,456,968,840,8,72,970,842,522,1036,974,784,976,914,852,980,148,280,728,154,730,988,158,734,94,866,482,740,488,556,626,178,250,506,254
320,960,322,1028,838,326,8,456,840,968,970,522,842,844,524,1036,974,976,784,144,914,980,148,984,154,730,734,94,674,866,482,296,746,556,1004,558,626,178,502,250,506,254
960,962,322,838,454,456,840,968,970,842,778,1036,844,974,270,80,976,528,784,980,148,852,280,728,154,730,988,158,94,798,864,674,866,996,556,944,626,690,818,178,502,250,190,254
960,1028,838,840,8,968,970,842,522,1036,844,974,784,656,914,980,148,728,154,730,988,94,158,734,288,482,866,618,556,172,626,178,250,254
960,962,322,838,966,454,456,840,8,968,970,842,1036,844,974,528,784,980,148,852,728,154,730,988,158,94,798,864,674,866,996,810,746,556,944,626,690,818,178,1012,502,250,190,254
960,1028,516,838,8,968,970,842,522,1036,844,974,784,656,914,980,148,728,154,730,988,94,158,734,864,482,996,998,618,556,626,178,506,250,254
@dps-end:
@rep:4
@time:8.038
@trys:301138
@seed:124987441
@dps-begin:
960,770,454,966,838,840,970,842,844,974,270,784,80,980,148,728,280,984,730,154,158,94,672,482,866,554,556,558,178,626,950,250,506
960,770,454,966,840,970,842,1036,844,974,270,334,784,80,980,148,728,280,730,154,158,94,482,866,554,556,558,178,626,950,250,506
960,454,968,840,970,842,844,270,334,974,144,80,784,338,980,148,728,154,730,858,94,158,990,482,554,746,810,178,626,562,948,756,506,254
960,454,968,840,970,842,460,1036,844,974,270,334,784,80,144,338,148,728,984,154,730,858,94,158,990,736,674,742,746,554,106,178,626,820,948,756,950,502,250,254
960,1028,454,966,968,840,970,842,844,1036,270,974,80,784,980,148,728,154,730,94,158,482,554,746,810,816,626,562,178,756,308,506,250,254
960,962,1028,454,842,844,1036,270,974,1038,80,784,656,338,148,980,728,280,730,858,154,94,158,864,482,998,742,746,178,626,882,756,950,250,316,254
960,770,454,966,840,970,842,1036,844,974,334,784,80,656,980,148,728,280,730,154,158,94,482,866,554,556,558,178,626,950,250,506
960,454,968,840,970,842,844,270,334,974,144,80,784,980,148,598,728,154,730,858,94,158,990,482,554,746,810,178,626,562,948,756,506,254
960,770,454,966,840,970,842,1036,844,974,270,334,784,80,980,148,728,280,730,154,158,94,482,866,554,618,556,558,178,626,250,506
960,770,454,966,838,840,970,842,844,974,270,784,80,980,148,728,280,984,730,154,158,94,672,482,866,554,810,556,558,178,626,950,506
@dps-end:
@rep:5
@time:5.308
@trys:207358
@seed:123979721
@dps-begin:
832,320,196,966,774,454,518,522,842,780,1036,844,460,334,144,976,148,852,280,984,730,858,94,864,674,746,938,556,1010,1012,630,250,762,1022
832,320,964,196,966,774,454,518,72,522,842,780,1036,844,460,334,144,976,148,852,280,730,858,94,864,674,296,746,938,556,1010,1012,630,250,1022
832,320,196,966,774,454,518,522,842,780,1036,844,460,334,144,976,148,852,280,984,730,858,94,864,674,746,938,556,1010,1012,630,250,1022
320,964,196,966,454,842,780,1036,844,460,334,144,976,148,852,280,730,858,94,864,674,802,290,746,938,556,50,630,250,1022
832,320,964,196,966,774,454,518,522,842,780,1036,844,460,334,144,976,148,852,280,730,858,94,864,674,746,938,556,1010,1012,630,250,1022
832,320,964,196,966,774,454,518,522,842,780,1036,844,460,334,144,976,148,852,280,730,858,94,864,674,746,938,556,1010,626,1012,630,1022
196,518,454,966,968,842,780,1036,844,334,144,976,148,980,280,858,730,94,864,802,674,682,746,938,556,560,50,626,818,630,250,828,1022
964,966,454,842,1036,844,460,780,334,144,976,148,852,280,730,858,94,990,864,802,674,746,938,556,812,626,630,250,1022
320,196,964,966,454,842,460,780,1036,844,334,976,144,852,148,280,730,858,94,674,938,556,1010,626,818,630,250,1022
832,320,964,196,966,774,454,518,522,842,780,1036,844,460,334,144,976,148,852,280,730,858,94,736,674,746,938,556,1010,1012,630,250,1022
@dps-end:
@rep:6
@time:13.263
@trys:411590
@seed:119777719
@dps-begin:
898,8,522,1036,270,148,796,158,802,938,682,556,560,562,690,178,950,694,700,960,320,322,838,966,454,840,842,970,844,974,852,980,598,728,730,732,94,734,866,610,482,996,618,496,626,756,630,250,254
770,1028,8,522,1036,270,144,148,794,796,158,802,806,938,556,560,178,562,690,950,960,320,962,836,454,838,966,840,842,970,844,974,338,980,852,598,728,730,94,734,864,866,482,610,996,746,626,250,506,254
514,8,1036,270,148,796,158,802,938,556,560,562,690,178,950,694,700,960,320,322,838,966,454,840,842,970,844,974,850,852,980,598,728,730,732,94,734,866,610,482,996,488,618,496,626,756,630,250,254
960,770,1028,966,454,838,774,840,8,970,842,522,1036,844,270,974,144,338,980,788,148,852,598,982,728,730,158,94,734,478,802,610,866,996,746,938,556,1006,240,624,560,178,562,626,760,250,506,254
770,898,1028,8,522,1036,270,1038,144,788,148,158,802,938,556,560,178,562,690,700,960,966,838,840,970,842,844,974,338,978,980,852,598,728,730,734,94,610,482,996,746,240,624,626,630,506,250,1020,254
770,898,1028,8,522,1036,270,1038,144,788,148,538,158,802,938,556,178,562,690,950,700,960,966,838,840,970,842,844,974,338,978,980,852,598,728,730,734,94,610,482,996,746,240,624,626,630,506,250,1020,254
960,320,770,898,1028,836,454,966,838,840,8,842,522,970,844,1036,974,270,338,978,852,598,982,728,730,734,94,158,864,866,482,802,610,996,938,746,556,560,178,626,950,694,250,1020,254
1028,644,8,270,528,148,158,802,682,938,556,560,178,820,950,314,700,190,320,960,836,838,966,454,840,842,970,844,974,976,978,980,852,598,728,730,94,734,864,866,610,996,746,748,1006,240,626,756,1016,506,250,254
960,898,1028,836,196,454,966,840,8,842,522,970,844,1036,974,270,144,338,914,978,148,852,598,982,728,730,796,734,94,866,802,610,290,996,938,746,556,560,178,690,626,694,250,506,254
1028,644,8,522,1036,270,144,914,148,796,158,290,938,682,556,562,178,950,696,314,700,320,960,454,966,838,840,842,970,844,974,976,338,978,852,980,598,982,728,730,94,734,864,610,866,746,876,1006,240,756,630,1016,506,250,254
@dps-end:
@rep:7
@time:11.037
@trys:359490
@seed:117705823
@dps-begin:
320,962,838,966,456,522,778,970,842,1036,460,844,974,270,80,914,980,852,148,984,730,94,158,802,610,866,996,680,682,938,746,556,624,560,626,818,756,630,506,250
320,898,966,838,72,456,778,970,522,842,1036,844,270,974,80,914,852,148,980,598,730,94,158,866,802,610,290,996,746,938,556,560,624,1008,626,50,756,630,314,250,506,828
320,898,966,838,72,456,778,970,522,842,1036,844,270,974,80,914,852,148,980,730,94,158,866,802,610,290,996,746,938,556,560,624,1008,626,50,756,630,314,250,506,828
832,322,898,838,966,456,522,842,970,844,1036,270,974,80,914,852,148,854,730,94,158,544,866,290,802,996,746,938,682,556,560,240,1008,624,626,756,630,760,250,506
322,898,838,966,456,522,842,970,844,1036,270,974,80,914,852,148,854,730,94,158,544,866,290,802,996,746,938,682,556,560,240,1008,624,626,690,756,630,250,506,1020
320,898,966,838,72,456,778,970,522,842,1036,844,270,974,80,914,852,148,980,730,94,158,866,802,610,290,996,746,938,556,1006,560,624,1008,626,50,630,314,250,506,828
320,322,962,838,966,518,776,72,522,842,844,1036,460,334,974,270,80,914,852,148,980,730,158,94,866,610,290,802,996,742,746,938,556,812,624,1008,240,818,626,50,756,630,250,506
322,898,838,966,456,522,842,970,844,1036,270,974,80,914,852,148,854,730,94,158,544,866,290,802,996,746,938,682,556,560,240,1008,624,626,756,630,250,506,1020
322,962,966,838,456,776,968,522,842,778,970,1036,844,270,974,80,914,980,852,148,730,94,158,544,866,610,802,680,746,938,682,556,240,560,688,1008,1010,626,630,506,314
962,322,838,966,456,970,522,842,844,1036,460,974,80,852,148,980,730,922,94,158,544,866,290,802,546,996,680,746,938,556,1006,240,1008,624,1010,626,50,756,630,250,506,314,828
@dps-end:
@rep:8
@time:14.029
@trys:438682
@seed:112131119
@dps-begin:
320,898,132,966,838,840,456,522,842,970,844,460,1036,332,974,80,144,656,338,914,852,148,984,730,734,94,864,610,802,290,996,804,746,938,556,1006,240,818,1010,626,756,630,250,506,572,702
770,898,1028,522,1036,656,144,914,148,664,288,802,290,804,938,556,818,572,702,320,966,838,840,456,842,844,974,80,338,852,984,730,858,734,94,864,610,994,482,996,746,240,1010,626,756,630,250,506,1020
320,770,898,966,838,840,456,522,842,970,844,460,1036,974,80,656,144,338,914,852,980,148,984,730,858,602,734,94,864,288,610,802,290,804,996,746,938,556,240,818,1010,626,756,630,250,572,702,254
320,770,898,1028,966,838,840,456,522,842,844,460,1036,974,80,656,144,338,914,852,148,664,730,858,734,94,864,610,802,290,994,482,804,996,746,938,556,240,818,1010,626,756,630,250,506,698,572,702
320,770,898,966,838,840,522,842,970,1036,844,460,974,656,144,80,914,338,148,852,980,472,730,858,734,94,864,802,290,610,994,804,996,806,938,554,746,556,240,818,1010,626,882,756,630,250,572,702
320,770,898,966,838,840,456,522,842,970,844,460,1036,332,974,80,144,338,914,852,148,664,730,858,734,94,864,610,802,290,482,804,996,806,746,938,556,240,1008,818,1010,626,756,630,250,506,572,702
770,898,1028,522,1036,656,144,914,148,664,802,290,804,938,556,818,572,702,190,320,966,838,840,456,842,844,974,80,338,852,980,854,730,858,734,94,864,610,996,746,240,1010,626,756,630,760,504,250,506,254
320,898,132,966,838,840,456,522,842,970,844,460,1036,332,974,80,144,338,914,852,148,984,730,734,94,864,610,802,290,996,804,746,938,556,1006,240,818,1010,626,756,630,250,506,572,702
320,770,898,966,838,840,456,522,842,970,844,460,1036,974,80,656,144,338,914,852,980,148,730,858,734,94,864,288,610,802,290,804,996,746,938,106,556,818,1010,626,756,630,250,572,702,254
320,770,898,966,838,840,456,522,842,970,844,460,1036,974,80,656,144,338,914,852,980,148,984,730,858,734,94,864,610,802,290,804,996,746,938,106,556,240,816,818,1010,626,756,630,250,702,254
@dps-end:
@rep:9
@time:8.615
@trys:300096
@seed:108626351
@dps-begin:
320,898,838,968,8,456,522,842,970,1036,524,270,974,784,914,852,724,148,980,472,280,730,154,988,796,158,94,482,680,746,556,626,1010,250,506,254
320,898,838,968,8,522,842,970,1036,524,270,974,784,914,852,724,148,980,660,472,280,730,154,988,796,158,94,544,482,680,746,556,626,1010,760,250,506,254
320,898,838,968,8,840,522,842,970,1036,524,974,784,914,852,724,148,980,660,472,280,730,154,988,796,158,94,544,482,680,746,556,812,626,1010,250,506,254
322,770,838,456,8,968,522,842,970,1036,524,332,974,270,784,338,852,980,724,148,280,730,154,796,94,158,482,680,746,556,1004,812,626,1010,950,506,250,254
322,770,838,456,8,968,522,842,970,1036,524,332,974,270,784,338,852,980,724,148,280,984,730,154,796,94,158,680,746,556,812,626,1010,950,506,250,254
320,898,838,968,8,456,840,522,842,970,1036,524,270,974,784,914,852,148,980,472,280,730,154,988,796,158,94,482,680,746,556,626,1010,696,250,506,254
322,770,838,456,8,968,840,522,842,970,332,1036,524,974,270,784,338,852,980,724,148,598,280,730,154,796,94,158,680,746,556,1004,816,626,1010,506,250,254
320,898,838,968,8,456,840,522,842,970,1036,524,270,974,784,914,852,980,472,280,730,154,988,796,158,94,482,680,746,556,686,626,1010,696,250,506,254
320,838,968,8,456,522,842,970,714,1036,524,270,974,784,852,724,148,980,472,280,730,154,988,796,158,94,482,680,746,556,626,1010,760,250,506,254
320,1028,838,456,776,968,8,840,522,842,524,716,1036,270,974,784,724,980,148,852,280,984,154,730,796,158,94,482,610,680,554,746,556,1010,626,882,250,506,314,254
@dps-end:
@rep:10
@time:12.243
@trys:376162
@seed:107980007
@dps-begin:
320,962,772,966,838,454,456,840,8,842,522,844,1036,974,1038,976,914,724,148,852,730,158,94,866,290,802,482,994,610,932,996,746,938,618,556,1006,178,626,630,250,506,700,254
832,320,898,772,454,838,840,8,842,970,844,1036,974,334,144,976,914,148,724,852,980,728,794,730,94,734,674,482,802,610,938,106,746,556,50,626,1010,820,630,504,250,700,254
960,320,962,772,966,838,454,456,840,8,842,522,844,1036,974,1038,976,914,724,148,852,730,794,158,94,866,290,802,482,994,932,996,746,938,618,556,1006,178,626,630,250,506,700,254
960,962,454,838,8,840,970,842,522,844,1036,1038,974,80,914,724,148,852,280,728,984,794,730,158,94,802,610,866,290,482,994,996,746,938,556,1006,626,178,630,504,250,892,700,254
960,320,962,772,966,838,454,456,840,8,842,522,844,1036,974,1038,976,914,724,148,852,730,158,94,866,290,802,482,932,996,746,938,618,810,556,1006,626,178,630,250,506,700,254,702
832,320,898,772,454,838,840,8,842,970,844,1036,974,144,976,914,148,724,852,980,728,794,730,94,734,864,674,482,802,610,996,938,106,746,556,50,626,630,504,250,700,702,254
832,320,898,772,454,838,840,8,842,970,844,1036,974,334,144,976,914,148,724,852,980,728,794,730,94,734,674,482,802,610,996,938,106,746,556,50,626,630,504,250,700,702,254
832,320,898,772,454,838,840,8,842,970,844,1036,974,334,144,976,914,148,724,852,980,728,730,94,734,674,482,802,610,996,938,106,746,556,1006,50,626,630,504,250,700,702,254
832,320,898,772,454,838,840,8,842,970,844,1036,974,270,144,976,914,148,724,852,980,728,794,730,94,734,674,482,802,610,996,938,106,746,556,50,626,630,504,250,700,702,254
832,320,898,772,454,838,966,840,8,842,970,844,1036,974,718,144,976,914,148,724,852,980,728,794,730,94,734,674,482,802,610,938,746,556,50,626,562,630,504,250,700,702,254
@dps-end:
