@rep:1
@time:1.81
@trys:81276
@seed:179424673
@dps-begin:
320,960,290,770,996,454,840,968,456,522,842,556,974,144,178,818,918,280,250,730,154,94
960,962,454,840,968,456,842,144,980,854,918,280,730,154,988,94,736,290,996,164,998,746,556,818,178,506,250
960,864,322,998,454,968,456,746,842,522,556,1006,144,818,178,626,280,984,506,154,250,730,94
@dps-end:
@rep:2
@time:3.138
@trys:141712
@seed:125164703
@dps-begin:
960,770,838,454,966,968,456,8,842,1036,974,270,80,784,144,148,852,980,728,154,730,94,938,556,496,1010,626,178,506,828,254
960,770,838,966,454,456,842,970,334,974,270,80,784,144,914,980,340,728,280,730,154,94,674,482,938,556,178,626,1012,760,506,254
960,770,514,454,838,456,968,970,842,1036,976,80,784,914,852,980,788,148,982,728,154,730,94,674,556,178,626,756,506,254
@dps-end:
@rep:3
@time:2.024
@trys:94822
@seed:132011827
@dps-begin:
838,968,840,8,456,842,522,974,784,852,980,148,918,984,730,154,988,94,926,158,864,866,556,818,178,506,250,254
960,514,838,8,456,840,522,842,974,784,980,148,852,918,664,154,730,988,158,94,864,866,556,178,818,250,254
960,966,838,456,840,842,522,970,1036,974,784,178,50,818,148,980,852,730,506,154,988,254,158,94
@dps-end:
