@rep:1
@time:18.451
@trys:1000010
@seed:179424673
@dps-begin:
12947,13043,23175,19832
22403,13028,228,7197
22403,2741,8710,16202
16978,354,17466,13501,18046,11615
11624,14554,2541,13198
6181,12550,12647,14855,6669
13202,13892,16186,16543
23809,13781,11689,14622
22241,19699,2359,20231,6765
16880,16403,23098,2460
@dps-end:
@rep:2
@time:17.489
@trys:1000010
@seed:125164703
@dps-begin:
2656,16417,19687,16314
16357,23145,15963,699,21085
24532,16327,2040,16587,22652
17283,20023,24280,10824,23197
13173,14711,10025,23850,12765
6489,377,11097,16348
150,2040,14696,11801
17768,21962,572
8164,10630,20920,12521
3600,15603,2534,23226,20508
@dps-end:
@rep:3
@time:17.676
@trys:1000010
@seed:132011827
@dps-begin:
21379,12853,5497,13196
22403,13109,647,17260
14007,22730,13198
5075,9749,22846,8751
10647,9625,22779,11452
18193,8140,524,19645,19966
14435,22151,9512,24282
2416,18661,20023,4536,19292
1600,1265,17301,23194
5604,12805,4251,6831
@dps-end:
@rep:4
@time:16.683
@trys:1000010
@seed:124987441
@dps-begin:
131,7559,23194,2623
18835,23850,2460
10241,3076,807,42
14100,13797,19724,24717
10980,19941,5704,21368
18176,13576,17466
24131,11475,12596,15079,1485
6832,6389,11738,24575
9045,12583,16281,12394,24781
14355,17833,20812,20333,4845
@dps-end:
@rep:5
@time:17.155
@trys:1000010
@seed:123979721
@dps-begin:
8464,3040,8182,9549
10392,19770,24637,21182
982,11771,18299,4511
23098,10635,9773,11294
16866,14820,470,22574
20177,2534,9208,23098,17756
20067,13386,6669,23918
9729,7633,24280,12525
15264,5570,6552,17835
6851,11190,13833,23850
@dps-end:
@rep:6
@time:16.913
@trys:1000010
@seed:119777719
@dps-begin:
14800,5700,23098,4251
11489,13495,10808,12782
10720,5604,4126,703
13152,5729,15125,10630
18817,15938,24180,540
20054,406,2040,17690,7644,7804
11939,8868,5222,9135
19281,6790,14924,4845
8704,22962,2596,3069
14962,9026,2296,9864,14619,2623
@dps-end:
@rep:7
@time:16.712
@trys:1000010
@seed:117705823
@dps-begin:
9394,24883,17747
8745,19226,16189,16494
1936,19832,23870,23983
8963,9381,16309,13273,23850
13795,21109,9046,2887,2296
3040,11906,21986,2825
25139,9045,3672,3389,8782
5153,8338,13719,9131
19558,17724,19694
19332,19850,10906,4875,10908
@dps-end:
@rep:8
@time:16.759
@trys:1000010
@seed:112131119
@dps-begin:
13857,21128,10824,15083
5521,16641,13442,3826
19217,14226,20407,23098,2157
753,7030,16665,6841,4126
4503,22139,13198
5799,6873,13277,4351
10928,25248,2534,21645,3021
18625,1413,13319,13129,1850
24658,5509,3832,7689,987
17635,18583,23850,14698,18108
@dps-end:
@rep:9
@time:17.127
@trys:1000010
@seed:108626351
@dps-begin:
7122,22403,17382,4876
18176,15080,11434,10395
24000,8688,20364,14829
18036,2437,25063,169
23459,1908,19398,19272,6861
23973,14214,7003,16877
836,22118,20302,19055
20610,24802,14791,1672,24699
22584,16507,15037
5187,12596,13114,524,9758
@dps-end:
@rep:10
@time:16.879
@trys:1000010
@seed:107980007
@dps-begin:
7348,15414,19752,16076
5731,22643,11514,22159
2160,12550,489,17163
1649,10808,16699,5885,20799
2593,17069,8430,20030
7632,169,22249,14057,25166
13315,23431,3756,5293
18693,9669,16024,9512,10458
6769,5203,11736,16392,16941
2353,25041,338,12131,18575
@dps-end:
@rep:11
@time:17.009
@trys:1000010
@seed:106368047
@dps-begin:
6642,4531,16279,15528
24951,13224,15176,13562,22717
9045,57,24762,23678
10278,6886,6922,14827,3949
18707,5604,15270,7403,8127
880,7824,721,211,13342
2082,8663,15610,6892
23750,18310,12424,10314
21216,6657,2806,1053,11501
21968,163,4933,7446,12061,14046
@dps-end:
@rep:12
@time:16.822
@trys:1000010
@seed:99187427
@dps-begin:
12753,12517,13877,16345
19794,11236,16140,15197
8499,22133,22055,2922
6624,23098,15788,6574
10707,7348,18167,12669,2303
16338,24883,24280,23194,13500
14290,11908,9434,430,9135
21969,17642,10906,9531,12749
24000,24148,19734,7446,6093
3714,8418,17317,9206,16314
@dps-end:
@rep:13
@time:16.879
@trys:1000010
@seed:98976029
@dps-begin:
10256,21109,7674,24986
14827,14203,5373,13566
1316,5736,6442,23596
4385,22211,10261,9512,24986
11618,3267,24646,16123,20300
9200,8696,15274,6557
1313,19656,1310,19583
14114,6802,19160,14696,18089
25248,645,9547,9373
5811,15125,18252,23037,3071
@dps-end:
@rep:14
@time:16.447
@trys:1000010
@seed:97875523
@dps-begin:
16112,1442,9336,16397
512,3616,21763,15599
23171,1846,3353,12797
14225,18327,6025,4362
8450,5027,1740,4670
6832,12120,12569,9135,2079
1091,7348
7697,23460,8061,10574
2160,18356,21766,6458,6972
12433,22802,14035
@dps-end:
@rep:15
@time:17.004
@trys:1000010
@seed:96763291
@dps-begin:
21045,3160,11436,6941
645,16022,6346,2586
4499,18954,22686
22451,9219,15197,19231
16870,18250,20939,9627,15707
20737,3573,22311,18104,22378,15594
10886,25030,11704,7534,20751
97,15491,15644,17197
7076,18260,23846,19175
15093,15481,15193,15708,3420
@dps-end:
@rep:16
@time:17.29
@trys:1000010
@seed:95808337
@dps-begin:
4033,2486,1002,6557
20752,12721,5602,277,17253
21104,11794,17980,12061
14688,18610,8188,24637
19481,5497,17690,17469
13026,11514,10362,6669
23201,5522,23493,3695
20083,13189,15670,7438
22081,645,19627
24949,6725,21943,12073,11419
@dps-end:
@rep:17
@time:17.535
@trys:1000010
@seed:94847387
@dps-begin:
6944,17494,17446,21660
10732,23870,14862,13198
19812,8676,4616,1756
722,23591,17466,2047
6512,2580,198,3357,15967
5203,13098,4202,25070,22063
23191,13773,10398,10574,703
2424,16665,18381
25171,12644,4391,15528,17768
8738,695,7576,24665,1916,18157
@dps-end:
@rep:18
@time:17.085
@trys:1000010
@seed:87552823
@dps-begin:
10700,2508,20751
21415,4362,9373
24513,16452,9733,14827,7883
15027,3012,14134,699
4516,19701,16279,16186
7697,936,24731,4511
4853,5606,21368,21726
11655,17181,4511,19119
1844,3369,13196
6832,19906,5060,11349,19687
@dps-end:
@rep:19
@time:16.949
@trys:1000010
@seed:86842271
@dps-begin:
12562,17466,1580
8257,8722,17317,4615
13024,5332,2200,15578,2716
12087,18170,8634,10890
2226,9875,12504,19726
9842,6964,11624,21484,15566,19439
20226,699,24028
19794,12596,16346,17676,23823
9717,5366,14071,5293,10975
4389,21894,3130,16091,12846
@dps-end:
@rep:20
@time:16.922
@trys:1000010
@seed:80650457
@dps-begin:
11650,365,13198
11441,17494,4362,699
16341,933,11910,11436
14699,15867,190,16143
14210,17639,14935,15559
17312,8672,9875,7556,18503
23840,1508,14921,15994,22911
7090,13179,11228,12045
19769,20106,15131,10573,15967
4912,20385,22473,5065,6669
@dps-end:
@rep:21
@time:16.565
@trys:1000010
@seed:78220001
@dps-begin:
9625,23098
5861,23098,4747,2047
12918,23896,24552,1053
19137,11635,16665,4761
20586,2491,19167,20815
16963,22613,15928,12362
4433,2503,15528,6190,21214
10867,228,14597,24903,12669
21842,23850,7932,16877
9285,18120,16186,8924
@dps-end:
@rep:22
@time:17.629
@trys:1000010
@seed:74585729
@dps-begin:
97,14833,7701,1142,9791
16112,288,15707,1199
7348,11686,3814,14205
22409,16330,16091,7150,18191
15986,3202,22550,20700,190
2272,8833,10775,11855
11267,12358,5560,17496,13834
4466,4900,22251,8140
14150,23098,12300,6701
6832,6721,18178,17605,19595
@dps-end:
@rep:23
@time:16.47
@trys:1000010
@seed:73852469
@dps-begin:
13761,18050,11436,19869
5606,14377,7436,13071
18176,3218,11939,22085,20751
3600,24243,967,17195
18104,699
2160,13956,23017
16357,6486,22793,12601
5586,13587,13109,13926,22812
436,3892,17524,5659,15421
4033,14520,11867,6892,5518
@dps-end:
@rep:24
@time:16.77
@trys:1000010
@seed:68750849
@dps-begin:
5153,23098,23114,7740
21058,3588,5606,19240,22975
3074,5522,20823,16189
2177,1060,12268,14638
23865,18954,15915,734
12533,14952,13129,4716
14864,1474,20168,17466,1053
721,15619,9363,23164
5908,12133,13833,2523,23228
20032,18817,20642,10824
@dps-end:
@rep:25
@time:16.664
@trys:1000010
@seed:58160551
@dps-begin:
15553,1202,169,14205,11743
9774,10014,3758,9791
7761,23027,4359,2252
13204,14696,9018,15965
1744,675,17466,21739
14100,4135,4664,13374
21410,5799,3369,15642,24365
1846,12057,18954,10972
18322,1651,19717,19292,22652
12050,23033,22763,13806
@dps-end:
@rep:26
@time:16.378
@trys:1000010
@seed:45320477
@dps-begin:
13477,2040,6697,12190
20480,15707,19724,2303
23905,15425,9242,23098
11335,5497,1562,21803,8446
22818,2534,12424,23917
6196,9447,8648,14297,24637
21202,8499,13109,6089
20147,2532,7738,13675,2684
7623,20412,22830,10526
24292,17973,15430,312,12061
@dps-end:
@rep:27
@time:16.435
@trys:1000010
@seed:31913771
@dps-begin:
22403,20596,4279
400,16866,21478,21085
1824,9289,6669,10574
6916,5717,16074,12061
12360,14187,17084,2319
20226,14571,13675,24845
23824,8416,11650,21693
17668,9350,169,14411,4109
21474,1555,19687,2335
6102,6489,14058,23211,6735
@dps-end:
@rep:28
@time:16.746
@trys:1000010
@seed:24096223
@dps-begin:
24770,12202,5594,19021
24691,17317,20823,12379,19676
721,12435,13017,4747
3826,13366,21174,1767
5203,8745,13822
23728,16210,14868,20751
19746,12596,7740,4541,15869
12240,16304,5158,3822
22113,5604,24936,21754
16337,14801,3427,17748,7895
@dps-end:
@rep:29
@time:16.66
@trys:1000010
@seed:16980937
@dps-begin:
10928,14688,19083
721,5377,21368,7914
17370,6300,1053,4126,10671
8835,19477,8904,23098,20987
12353,2130,22579,15064,18910
5216,11777,19796,7385,23436
16593,20324,9045,21864
9808,980,22987,11743
19218,5461,22296,4876,2717
18102,21238,4234,4362,1740
@dps-end:
@rep:30
@time:17.246
@trys:1000010
@seed:8261369
@dps-begin:
20737,18066,10307,18836
14752,7141,5271,16828
5843,12521,6428,1740
23924,5656,13402
14979,20003,2967,14671
2321,8644,16425,23037,17391
22597,169,17337,6474,7871
1344,10978,17161,19770,14827
3328,627,8362,12239
17601,13109,7048,332
@dps-end:
