@rep:1
@time:13.228
@trys:1000010
@seed:179424673
@dps-begin:
4217,3787,830
2674,1269,3545
2811,1100,2220
2801,2834,3876,1848
1187,3812,2808
5648,2531,4366
2899,2837,5262
2673,2375,828
2715,1963,3918
4417,2457,4058
@dps-end:
@rep:2
@time:13.235
@trys:1000010
@seed:125164703
@dps-begin:
5612,2270,1423
3970,4424,1978,907
980,2717,2783
2693,3689,1099
101,5272,3451
2368,5159,1480
416,2309,439
2288,4058,4542
2789,1318,1051
5204,1321,3293
@dps-end:
@rep:3
@time:13.437
@trys:1000010
@seed:132011827
@dps-begin:
5089,1528,749
2849,2100,1333
4668,845,1423
480,3921,2673
5361,2820,5766
2855,5784,5129
4896,5459,2685
2698,749,1965
2674,1423
4164,3994,4683
@dps-end:
@rep:4
@time:13.711
@trys:1000010
@seed:124987441
@dps-begin:
2678,1463,1897
2850,2756
2674,4536,2365
2801,2101,3722
1698,4454,5321
1333,1478,4366,5407
5330,2778,3469
4690,5076,3307
2496,482,1325
1304,3497,3738
@dps-end:
@rep:5
@time:13.555
@trys:1000010
@seed:123979721
@dps-begin:
2694,4058,2299
833,1835,1695
2857,3564,238
4403,2840,4590
5547,4093,2863
3054,1423,2639
4388,5421,2863
2884,2701,5390
2673,1140,1022
2224,2823,316
@dps-end:
@rep:6
@time:13.315
@trys:1000010
@seed:119777719
@dps-begin:
1333,237,2095
389,1528,4026
2688,1930,3757
2864,2489,315
4904,1209,2875
2805,2651,3774
3752,3257,2219
1504,2855,542
2710,2840,2633
5201,1300,1526
@dps-end:
@rep:7
@time:13.203
@trys:1000010
@seed:117705823
@dps-begin:
2673,2916,3734
2352,2820,152
2673,4165,4407
817,2394,2879
2680,2233,2506
4369,5334,566
4421,2794,5421
4603,2477,1599
1653,1304,2606
1949,3519,1087
@dps-end:
@rep:8
@time:13.34
@trys:1000010
@seed:112131119
@dps-begin:
2673,1801,1550
932,1900,5167
4688,2657,2819
5352,2811,1261
2881,4517,4743
4726,2025,2457
1105,2710,381
5345,2710,663
5665,5046,2890
3537,5385,1423
@dps-end:
@rep:9
@time:13.007
@trys:1000010
@seed:108626351
@dps-begin:
1187,1191,2829
2837,1403,2319
52,3305,1147
1314,5443,3637
3617,1450,2876
1666,51,1547
4659,2907,2651
4489,4603,270
1254,2710,4921
3347,312,457
@dps-end:
@rep:10
@time:13.488
@trys:1000010
@seed:107980007
@dps-begin:
2673,4599
2698,5390,2831
4664,2282,2794
3986,2824,3273
1187,3996,2796
2082,5319,5208
2824,1470,4639
5386,4604,2829
2996,2873,2394
3752,1519,5167
@dps-end:
@rep:11
@time:13.566
@trys:1000010
@seed:106368047
@dps-begin:
4352,3401,2814
1026,2697,2798
2796,556,4189
2224,2873,4863
2697,921,5023
833,4178,5035
2706,1139,519
2691,4902,1017
2850,5139,3944
2673,2740
@dps-end:
@rep:12
@time:13.488
@trys:1000010
@seed:99187427
@dps-begin:
2814,447
5716,5579
720,2867,5085
3722,2813,445
2224,3569,3516
2801,3813,3734
2674,1927,264
1872,2801,3556
65,1307,399
2688,1889,4590
@dps-end:
@rep:13
@time:13.454
@trys:1000010
@seed:98976029
@dps-begin:
4690,1626,1261
1282,2890,3854
4160,2863,4319
4657,2855,4794
2710,1991,217
2688,2801,4733
2260,2837,4333
2805,1318,152
2739,3347,519
273,3523,5779
@dps-end:
@rep:14
@time:13.783
@trys:1000010
@seed:97875523
@dps-begin:
3876,1417,5194
2864,2802,5510,5545
5672,1325,2781
1316,4997,2205
227,3787,1423
2801,4616,2651
2868,1478,4662
2709,5672,2751
4932,1530,2863
2832,2224,2728,1483
@dps-end:
@rep:15
@time:13.605
@trys:1000010
@seed:96763291
@dps-begin:
52,4388,1114
2673,4195,2808
5668,2829,206
120,5324,2863
2820,1495,1770
2717,2813
3232,584,2046
2873,1692,2269
3785,5129,845
4690,4759,5483,1116
@dps-end:
@rep:16
@time:13.476
@trys:1000010
@seed:95808337
@dps-begin:
4726,888,3757
4240,5345,3525
4196,1589,2875
2673,2314,4539
1472,193,5687
22,332,878
5715,2840,3533
2709,4810,3694
4320,2849,4831
2842,1355,5452
@dps-end:
@rep:17
@time:13.411
@trys:1000010
@seed:94847387
@dps-begin:
1489,1333,3854
2736,2673,2796
4725,5356,847
1872,1286,5066
2233,5292,1423
5397,2698,1436
2309,1333,2952
533,2694,2813,4751
1658,2474,238
4273,1626,3226
@dps-end:
@rep:18
@time:13.215
@trys:1000010
@seed:87552823
@dps-begin:
819,2250,2698
5328,3698,2819
4851,5316,2796
2705,3571,58
2673,5029,3399
712,1100,220
2407,1383,2875
1344,2224,3571
3879,5272,2879
3749,1432,111
@dps-end:
@rep:19
@time:13.45
@trys:1000010
@seed:86842271
@dps-begin:
2673,2867,5199
1114,1307,126
2193,2673,4002
2694,1302,3834
2801,3637,4959
2688,2040,1241
2715,2477,1949
5490,4517,2701
227,3816,495
2673,2392,5561
@dps-end:
@rep:20
@time:13.161
@trys:1000010
@seed:80650457
@dps-begin:
1506,2787,3964
2864,3730,1450
4787,1333,4231
948,2685,2046
4722,1333,3580
3410,2694,3031
1105,2715,907
2832,67,1209
5152,2837,5679
2884,389,4616
@dps-end:
@rep:21
@time:13.426
@trys:1000010
@seed:78220001
@dps-begin:
1333,5151
3876,3966,2863
4752,1316,2715
4625,4690,3773
4752,5716,1261
4240,3576,2682
1988,2343,1533
81,1351,4379
4544,5430,875
1282,2418,1806
@dps-end:
@rep:22
@time:13.273
@trys:1000010
@seed:74585729
@dps-begin:
2673,357,5454
5089,4593,2694
2001,4379,2701
5089,819,1519
1105,3410,2623
4328,2813,5311
3226,5085,1535
2850,2335,3615
1269,2554,316
838,4060,796
@dps-end:
@rep:23
@time:14.73
@trys:1000010
@seed:73852469
@dps-begin:
2832,921,2652
2674,1096,1993
2673,5735,2875
2837,5718,1785
5188,2794,4686
2468,1525,2863
2673,1763,2927
3815,5145,4603
668,3615,847
2688,502,312
@dps-end:
@rep:24
@time:13.383
@trys:1000010
@seed:68750849
@dps-begin:
2864,2694,1432
2657,5369,1423
2673,111,5295
1289,2794,2651
3792,3098,316
1445,1066,3691
749,1375,2847
2688,2849,4869
2801,1898,4746
323,4615,2718
@dps-end:
@rep:25
@time:13.213
@trys:1000010
@seed:58160551
@dps-begin:
1492,2824,2938
2673,674,985
2674,4053,3141
3410,5029,2875
5559,4185,1307
324,4745,1596
1432,830,238
1872,2824,3550
2887,493,5167
4021,1709,3215
@dps-end:
@rep:26
@time:14.071
@trys:1000010
@seed:45320477
@dps-begin:
2709,2250
4914,2774,2855
270,255
1637,847,2831
2849,2857,5225
249,2985,410
1241,5086,2863
4176,4535,2879
3137,1841,2677
3683,2811,845
@dps-end:
@rep:27
@time:13.883
@trys:1000010
@seed:31913771
@dps-begin:
4660,3722,2778
4195,3994,5311
1872,1351,5386
2849,4754,5311
5361,2081,2664
2723,2233,1821
2673,4135
129,2867,2680
2864,5513,1484
387,3381,4381
@dps-end:
@rep:28
@time:13.964
@trys:1000010
@seed:24096223
@dps-begin:
2673,2949
4896,2673,5627
1888,1333,3054
2771,2857,2811,5147
2805,1480,264
1464,2281,2682
2796,2190,1423
3538,1094,3353
2837,1574,2377
193,1478,2875
@dps-end:
@rep:29
@time:13.395
@trys:1000010
@seed:16980937
@dps-begin:
4870,1672,2879
4228,1318,3787
1302,1244,2685
2674,4532,1147
3493,2347,5179
2849,2674,1646
3637,4854,106
2120,2798,4015
4073,126,5471
5316,2813,4975
@dps-end:
@rep:30
@time:13.888
@trys:1000010
@seed:8261369
@dps-begin:
865,3658,2715
2834,2715,4509
5541,1785,2859
3859,3579,2829
5579,2879,2207
2512,3410,5339
2881,5665,3445
2693,1672,1100,1533
2867,2636,1468
4074,2300,2781
@dps-end:
