@rep:1
@time:2.629
@trys:1000010
@seed:179424673
@dps-begin:
2082,445
2082,3133
1558,3133
933,3272
2392,3341
3827,3932
1792,3614
3538,3542,234
984,1006
976,221
@dps-end:
@rep:2
@time:2.363
@trys:1000010
@seed:125164703
@dps-begin:
1249,3341
984,122
594,3542
497,3133
3341,3917
497,2082
666,767
2082,1158
1896,719
3542,136
@dps-end:
@rep:3
@time:2.306
@trys:1000010
@seed:132011827
@dps-begin:
3618,1976
3618,3807
3955,1178
3541,301
2649,1533
984,92
828,3676
2525,3133
1642,3596
325,45
@dps-end:
@rep:4
@time:2.3
@trys:1000010
@seed:124987441
@dps-begin:
1568,3542
3357,3341
497,3917
1792,3568
165,1528
148,325
729,1599
935,2525
1976,92
1525,984
@dps-end:
@rep:5
@time:2.162
@trys:1000010
@seed:123979721
@dps-begin:
1025,1178
984,3357
1028,2585
3296,1141
2649,633
1141,1958
984,73
2945,984
1178,3917
1762,181,3542
@dps-end:
@rep:6
@time:2.249
@trys:1000010
@seed:119777719
@dps-begin:
2649,3163
1025,92
3156,984
2820,3542
2288,3341
2114,3192
3538,2931
2219,828
3264,3542
976,497
@dps-end:
@rep:7
@time:2.273
@trys:1000010
@seed:117705823
@dps-begin:
3163,1006
1025,3133
3538,2133
276,3542
1792,1927
1028,2844
3542,589
1792,3215
211,3542
1025,211
@dps-end:
@rep:8
@time:2.305
@trys:1000010
@seed:112131119
@dps-begin:
1603,1464
1141,3542,2700
2625,1603,2372
984,2972
1025,935
984,2063
984,3595
1558,2152
1792,3192
2272,984
@dps-end:
@rep:9
@time:2.263
@trys:1000010
@seed:108626351
@dps-begin:
1025,301
1265,3542
3538,3542
3525,2649
2133,989
3521,3542
984,170
3541,3932
1927,1610
1642,3596
@dps-end:
@rep:10
@time:2.268
@trys:1000010
@seed:107980007
@dps-begin:
933,3542
3266,984
3823,767
3984,1896
1178,2525
1253,984
549,3133
976,221
984,2063
550,3542
@dps-end:
@rep:11
@time:2.282
@trys:1000010
@seed:106368047
@dps-begin:
515,2372
3541,828
3542,907
2820,2649
3771,828
2649,122
3618,2862
3618,2676
497,1141
2649,666
@dps-end:
@rep:12
@time:2.274
@trys:1000010
@seed:99187427
@dps-begin:
1558,92
984,3596
2133,933
1236,933
1792,1982
2690,3932
2372,3946
984,2090
424,984
400,1141
@dps-end:
@rep:13
@time:2.257
@trys:1000010
@seed:98976029
@dps-begin:
933,3096
1792,1927
1141,2649
3542,1976
3542,298
2082,1613
2420,3341
3542,2063
984,3357
560,325
@dps-end:
@rep:14
@time:2.264
@trys:1000010
@seed:97875523
@dps-begin:
3542,3595
1025,1464
933,3341
165,3341
2743,2649
3525,2649
1025,52
2743,1982
1028,3964
2649,3295
@dps-end:
@rep:15
@time:2.243
@trys:1000010
@seed:96763291
@dps-begin:
325,61
1025,3133
2372,3932
52,1558
3459,2649
999,984
497,3133
3341,2270
2690,2773
2069,3542
@dps-end:
@rep:16
@time:2.231
@trys:1000010
@seed:95808337
@dps-begin:
3541,933
325,3163
1141,301
3542,2862
3984,984
3538,1210
2272,1025,1956
2667,767
2440,3946
2649,3823
@dps-end:
@rep:17
@time:2.266
@trys:1000010
@seed:94847387
@dps-begin:
3618,1976
1141,1210
729,767
1558,606
92,3197
3596,3341
1792,2133
1493,3542
1976,92
3964,3341
@dps-end:
@rep:18
@time:2.26
@trys:1000010
@seed:87552823
@dps-begin:
2625,2082
452,984
1074,767
1792,3541
528,984
984,2090
1025,3549
3542,3805
1955,984
1927,1271
@dps-end:
@rep:19
@time:2.265
@trys:1000010
@seed:86842271
@dps-begin:
1025,92
3459,1028
3521,1927
2649,1407
984,170
497,3133
933,2799
208,3542
2150,3341
3133,2542
@dps-end:
@rep:20
@time:2.258
@trys:1000010
@seed:80650457
@dps-begin:
3984,1558
1558,3133
2883,1558
3955,2649
984,2954
1792,2133
1025,730
1955,984
984,3215
933,2799
@dps-end:
@rep:21
@time:2.272
@trys:1000010
@seed:78220001
@dps-begin:
3618,984
984,3596
2774,1558
563,3542
2844,142
596,3932
933,3658
976,2844
325,781
3882,3932
@dps-end:
@rep:22
@time:2.291
@trys:1000010
@seed:74585729
@dps-begin:
1603,3542
21,1141
3932,3807
1028,3964
2392,3341
1028,3943
2118,1707
2515,596
515,2820
400,2743
@dps-end:
@rep:23
@time:2.255
@trys:1000010
@seed:73852469
@dps-begin:
165,3542
1762,2649
1028,3943
1555,3542
3341,3133
2705,984
553,828
2773,1191
1613,3917
1394,3618
@dps-end:
@rep:24
@time:2.256
@trys:1000010
@seed:68750849
@dps-begin:
3595,92
3542,952
3541,767
148,984
984,142
1249,1958
2585,3341
976,3197,3341
1558,2671
3618,2676
@dps-end:
@rep:25
@time:2.242
@trys:1000010
@seed:58160551
@dps-begin:
2002,2219
2420,3341
3341,781
122,1707
1154,3542
828,2799
2272,480,1291
3538,3542,2892
2931,2615
3133,527
@dps-end:
@rep:26
@time:2.221
@trys:1000010
@seed:45320477
@dps-begin:
729,92
1178,122
2609,3341
3932,2063
1025,950
3823,767
625,3542
1927,1271
1956,3542,3917
984,3359
@dps-end:
@rep:27
@time:2.282
@trys:1000010
@seed:31913771
@dps-begin:
1956,3542
16,3542
2272,1025
3542,106
2561,3618
2649,633
2082,2181
1642,3596
984,2090
1141,1958
@dps-end:
@rep:28
@time:2.298
@trys:1000010
@seed:24096223
@dps-begin:
1028,2585
2883,3163
3542,2063
3928,984
3542,126
3525,2649
1161,3133
2304,1425
1923,3341
3164,3932
@dps-end:
@rep:29
@time:2.223
@trys:1000010
@seed:16980937
@dps-begin:
933,3295
2690,3538
976,2844
2625,2525,142
3955,1707
1707,719
3618,2676
2647,984
2836,3341
2676,828
@dps-end:
@rep:30
@time:2.262
@trys:1000010
@seed:8261369
@dps-begin:
1025,3133
984,3163
3618,1976
933,3295
2690,984
2082,2883
1407,767
2272,165
3541,1271
1154,2133
@dps-end:
