@rep:1
@time:14.664
@trys:1000010
@seed:179424673
@dps-begin:
28257,8836,31931,24764
208,728,38700,22798,27823
9186,354,10421,14843,36684
35702,42615,22876,9532,21356,6957
2758,21703,30282,28174
26789,17943,4152,26747,29900
10838,4534,16138,35867
13888,1088,30839,25129,22815
23427,32070,24952,4152,35420
38085,44475,43532,14797
@dps-end:
@rep:2
@time:15.358
@trys:1000010
@seed:125164703
@dps-begin:
44529,18773,9353,43647
44256,16865,10680,29150
18150,19479,1527,37261,37709
16082,24018,6362,16620
11569,27053,32349,40398,22287
5397,18311,6189,28062
13264,24068,34532,35066,32717
13285,5286,3069,12463
21811,12677,24757,25708
17377,22120,32715,37455
@dps-end:
@rep:3
@time:15.4
@trys:1000010
@seed:132011827
@dps-begin:
21812,29109,20314,8764
26096,33524,632,10012,7007
30801,8497,33329,27224,38074
25667,12923,33340,40447
4002,22772,38469,20154,13003
9906,24275,7445,16104,33389
7045,19337,19517,19518
11505,40856,13723,32767
834,6643,31707,27724
16225,35062,35355,5278
@dps-end:
@rep:4
@time:15.424
@trys:1000010
@seed:124987441
@dps-begin:
28308,13943,20794,37421
32448,21686,3878,4762
39825,2386,22453,34391,35853
10833,23905,8901,40250
25234,5528,23465,25369
27952,20642,11924,1412,22925,15583
27233,11432,38472,26344,40856
17192,13497,19065,18748
5138,11461,892,41663
27731,25205,5862,27148,17966
@dps-end:
@rep:5
@time:15.161
@trys:1000010
@seed:123979721
@dps-begin:
18513,41077,4795,29630,36383
36146,15715,13574,23512,3032
4551,33690,555,23341
11574,28986,30652,9756,33823
23840,17505,10188
17267,33829,12010,26956
44437,20506,42587,16799
24789,43499,3355,15788,36493
3800,13337,28009,32716
5201,37698,23961,40142
@dps-end:
@rep:6
@time:15.83
@trys:1000010
@seed:119777719
@dps-begin:
8995,36855,13143,2713,39711
18913,23394,15348,10697,24318
4176,11574,34454,25255,22314
18528,38741,11095,17880
41970,42099,41078,5311
27968,6211,40180,6366
8243,15252,36571,24191
9906,20819,3459,28966,5718
39506,1764,14986,33884
3666,36924,9630,38671
@dps-end:
@rep:7
@time:15.205
@trys:1000010
@seed:117705823
@dps-begin:
24832,724,16388,15629
18289,43443,4055,42399,21023
17889,2802,35619,18875
36183,10664,44122,11596,23662
21458,43555,19991,569
40420,11348,13732,20438,41804,38462
25836,40061,30910,36286
33681,40449,37955,44283,17420,28973
7248,34401,2001,9646
23730,27305,682,8685,22973
@dps-end:
@rep:8
@time:15.764
@trys:1000010
@seed:112131119
@dps-begin:
25216,14272,14723,31048
2546,34086,18311,13016
12150,37960,4314,5278,23055,6703
26149,23430,16471,15609,24398,25214
4692,4212,24757,16760
1032,37657,22617,34635,5644
7712,9557,15951,23823
32833,24197,34858,16525,23183
35488,40338,21960,32574
23394,17126,2407,14088,14015
@dps-end:
@rep:9
@time:15.409
@trys:1000010
@seed:108626351
@dps-begin:
35298,39028,6975
28371,24217,41899,32876
14192,43713,12995,7734,21407
27233,5923,18678,37159,15467,524
10128,13312,41516,22028
29281,35113,18412,36367,39423
16193,35892,12441,8107
37637,1498,19978,24828
23474,402,33098,26491,37932
31376,16913,4148,34277,21096
@dps-end:
@rep:10
@time:15.66
@trys:1000010
@seed:107980007
@dps-begin:
5905,7393,13380,21207,4295
14738,15779,39811,6693,42374,2744
25394,15288,28858,27787,8188
43584,13040,17386,44140
15236,32245,10648,1802,15007
34160,12625,8643,26470,31002,4571
31063,40700,42926,30511
33719,13914,3403,28751
2467,5368,18856,6510
42129,3890,41385,24618,28622,7535
@dps-end:
@rep:11
@time:15.382
@trys:1000010
@seed:106368047
@dps-begin:
19777,18645,27192,4312,2504
29153,43670,1176
39424,2295,42105,32047
6865,33928,1688,33947
15858,27027,22297,36779
37682,27875,18131,2265,5658
12709,4262,36471,5658
30816,3217,3793,16025,35951,18399
34064,1025,23815,23768,19789
22390,11036,41165,10798
@dps-end:
@rep:12
@time:15.634
@trys:1000010
@seed:99187427
@dps-begin:
35219,35655,32969
30481,322,3570,8822,7245
39328,983,93,10047
6336,119,22297,9196
29862,23288,22937,26825
6693,21707,20860,12734
14454,3769,36683,7807
23012,10518,28727,20890,2507
25696,2370,24565,35066,26078
23830,13212,38543,25759
@dps-end:
@rep:13
@time:15.104
@trys:1000010
@seed:98976029
@dps-begin:
17137,30762,33915,8395
40513,42417,23924,18125
34889,21818,7930,1228
34608,22081,501,25944
692,18199,37801,8926
11394,39751,3032,28490
29508,42199,25145,31260
1732,32693,33015,30873,11082,30127
41443,13531,23787,13149
24851,18404,8213,34985,9118
@dps-end:
@rep:14
@time:15.443
@trys:1000010
@seed:97875523
@dps-begin:
32931,17254,6232
19072,41393,23369,36346,16811,4620,5693
36884,21048,35324,20604
17348,24245,27194,5421
36208,30337,4343,21161,38122
21730,5971,31459,17592,40393
4371,5991,1114,28907,12460,27135
37104,22753,23930,4540,3165
23584,15345,33913,1050
44020,36532,4949,37081,19998
@dps-end:
@rep:15
@time:15.362
@trys:1000010
@seed:96763291
@dps-begin:
25813,25623,23463,18479
40448,6160,27298,17437,24013
2738,39747,27994,4878,24655
42695,40202,14843,7131,41070
12103,9144,31980,35695
34115,28024,23306,26142
11844,4136,12041,14137,5626
5521,37265,35014,37606,40104,27960
6961,23347,10069,374,11772
10179,24821,35798,21452,18781
@dps-end:
@rep:16
@time:15.463
@trys:1000010
@seed:95808337
@dps-begin:
28624,17689,24842,7165
24113,1105,4456,17928,27213
28992,39968,39440,42251,5949,4495
11907,4868,40697,39103
4386,43204,27687,34268
37284,44358,17319,25164
41552,4680,11769,27210,12605
1666,35113,809,42507,23598
34343,9863,27756,26348,44479
1272,15369,779,21771,11661
@dps-end:
@rep:17
@time:14.978
@trys:1000010
@seed:94847387
@dps-begin:
36387,34970,7259,17867
5426,10292,7078,33881
640,1458,21970,5205,8810
41264,16579,41608,42426
228,15914,5311
19573,8697,8522,827,7132
12081,37138,12709,29749,22487
8485,5017,3132,17294,38526
21523,31139,29080,9613
37715,26116,29943,24425
@dps-end:
@rep:18
@time:15.347
@trys:1000010
@seed:87552823
@dps-begin:
40854,11479,37193,18010,14318
39025,40850,17800,41183
6066,27668,40326,4045
7458,37029,42214,34987,18303
30176,39921,10153,13644,25005
42930,22899,32086,40795
28338,11283,31892,41797,29483
18272,3304,22684,42653
22438,4408,42698,31163
18276,30901,40198,39885,43454
@dps-end:
@rep:19
@time:15.454
@trys:1000010
@seed:86842271
@dps-begin:
24452,278,17322,7311
21923,19623,31226,7674,41804
6498,37564,15836,5982
34913,9218,43850,9915
42592,44215,8732,25132
20769,42513,32658
20848,18388,41749,27989,33241,21117
17139,1160,20332,14125,6319
24341,17254,6872,28441,26238
6006,24986,23102,13615
@dps-end:
@rep:20
@time:15.829
@trys:1000010
@seed:80650457
@dps-begin:
12641,39612,1597,3758,36862
3272,8395,18876,332,35213
29954,36819,39000,19961
38192,16370,34279,20494
14772,3125,29831,9482
35200,5921,39220,20646,41867
28402,24969,22365,4909
40194,19847,35423,19823
20488,11497,3738,9546,29674
17075,16986,19518,44350
@dps-end:
@rep:21
@time:15.668
@trys:1000010
@seed:78220001
@dps-begin:
2560,28994,35429,15402
37696,19938,34484,23348,24180
33881,36633,409,32287
43010,18293,13605,33547
10947,19812,16711,41096,7419,38061
35301,15274,32637
30694,41690,32395,2988,28335
34841,23469,17086,19727
10129,28180,12310,20569
29458,22053,16342,43879,25373
@dps-end:
@rep:22
@time:15.391
@trys:1000010
@seed:74585729
@dps-begin:
23584,39913,1597,733
6449,10979,7461,23789
10640,15540,40759,39868
20691,33852,29421,2878,44399
5508,36005,39879,5432,16057,30031
22626,166,8936,33752
33155,35701,28966,16287
35619,23668,17717,9994,19837
6420,27740,32222,36414,13807
18672,20536,11113,33722,40267
@dps-end:
@rep:23
@time:15.011
@trys:1000010
@seed:73852469
@dps-begin:
1554,25126,3754,26285
43793,25747,40425,33487
20963,24548,261,25311
29570,13939,40425,40442
24434,43909,34918,33144,5628
9028,18438,18584,20653
25457,38817,4441,44201,14174,38959
675,34597,32086,7627
16865,30327,18316,44205,19183
43680,37652,9144,13400,6637
@dps-end:
@rep:24
@time:15.447
@trys:1000010
@seed:68750849
@dps-begin:
25331,22602,18524,3278
17137,38789,23629,44335
6436,4709,12709,44010,36924
10448,31705,36030,29375
10215,26185,19467,7550
38837,31142,18921,32271,543
14146,39987,25237,41223,7003
36788,36092,16733
41285,28954,588,10798
23075,14296,13641,21726
@dps-end:
@rep:25
@time:14.858
@trys:1000010
@seed:58160551
@dps-begin:
40833,38157,26269,8830
28097,31763,15302,16934
29281,37761,4978,20665,1721
38512,1382,38362,6958
27474,25789,10590,878
15377,30517,1590,22198,40157
27490,36515,9347,20117,36953
32966,13977,5306,5628
7795,34691,14806,10878,11615
31588,42214,36519,6935
@dps-end:
@rep:26
@time:15.677
@trys:1000010
@seed:45320477
@dps-begin:
42438,15884,13294
39394,37689,2009,32220,35695
386,41877,34581,32792
16112,26354,28003,23880,21807
30160,39316,42201,41131,12108
15766,12024,21229,2735
17425,30679,22007,44237
3553,2162,25078,278
21445,30966,13191,9386
16787,10860,1916,31934
@dps-end:
@rep:27
@time:15.294
@trys:1000010
@seed:31913771
@dps-begin:
12005,20696,9820,12575
30809,22410,24732,22462
3056,26370,23863,28217
36835,9174,28823,40552
41959,31271,33479,39483,30749
35575,20311,26839,19002,34428
27040,1953,29635,42421,36630
20193,11442,12675,7779,3912,28780,42255
28545,22993,31786,2586,35390
7218,17026,20710,20263,23993
@dps-end:
@rep:28
@time:15.455
@trys:1000010
@seed:24096223
@dps-begin:
14250,2124,13933,42174
25904,18786,8072,22665,35311
2560,24660,40600,6383
38881,28914,18612,35077,16265
6449,28141,19869,4174
19348,2473,4878,4991
39745,26822,19095,6169,11210,10285,24333
1,1314,16468,6665
10693,43035,4764,31391
20736,4082,24262,24637
@dps-end:
@rep:29
@time:14.994
@trys:1000010
@seed:16980937
@dps-begin:
15522,3139,20678,3959,40063
451,23050,20122,25757
29680,7461,7574,7550
33008,7333,3400,6890
7030,26327,35065,13087
12577,16835,11240,3470
35988,17142,2472,33148
10278,40248,93,11453
36776,6010,1948,10062
4416,32771,31628,24110
@dps-end:
@rep:30
@time:15.578
@trys:1000010
@seed:8261369
@dps-begin:
9003,40381,28877,18831
33029,33448,41051,16382,8127
23699,13629,26382,22991
11523,119,40152,44186
18498,34101,4680,44457
19525,8086,18358,42966,11390
32517,17802,26411,12332,34495,815
17026,1749,4709,13910,41831,32331
132,32919,8392,6314,9054
29968,35856,17809,39683,16587
@dps-end:
