@rep:1
@time:13.965
@trys:1000010
@seed:179424673
@dps-begin:
22726,21352,3163
23573,21338,14046,2622
19169,11010,13069
20227,6581,4143
8291,20597,20540
9411,309,6886
22549,23125,22726
21354,6253,21535
11527,6187,14495
1860,23692,5662
@dps-end:
@rep:2
@time:15.448
@trys:1000010
@seed:125164703
@dps-begin:
10801,23173
768,20613,23386
5301,17926,14668
16947,19350,13069
21415,18875,17371
23139,2948,14169
18480,23658,21021
17747,15773,6878
10071,11194,11435
21571,11300,13882
@dps-end:
@rep:3
@time:14.151
@trys:1000010
@seed:132011827
@dps-begin:
22517,16891,20814
5056,11985,8685
19525,6987,22539
24283,20302,19454
10054,19145,9086
8243,21591,18794,22539
2214,23686,13593
23696,22039,17593
20663,2506,13646
11664,12692,8520
@dps-end:
@rep:4
@time:14.297
@trys:1000010
@seed:124987441
@dps-begin:
3427,16891
22482,18794,17117
13507,10539,12975
23173,17815,6008
9809,5271,9373
10801,12246,1737
13478,14310,18157
857,21771,19742
6545,13747,21715,11946
418,7589,11194,22943
@dps-end:
@rep:5
@time:14.968
@trys:1000010
@seed:123979721
@dps-begin:
21752,8892,2286
4580,14891,14428
12321,3225,6169
9809,13390,6254
15584,11905,21752
3331,19833,16796
20341,8938,23436
16320,16914,24421
402,17819,3517
10945,16580,23688
@dps-end:
@rep:6
@time:14.488
@trys:1000010
@seed:119777719
@dps-begin:
3147,13307
19482,21117,14
16785,23290,19309
2017,19603,9642
2097,14330,20221
10565,14892,14638
8805,17017,4894
11399,16315,12988
17056,17035,5724
9649,20792
@dps-end:
@rep:7
@time:14.447
@trys:1000010
@seed:117705823
@dps-begin:
7717,24392
14962,18778,9596
21508,23159,13710
16323,6119,23967
18157,16958,9134
16256,4084,607
15220,8245,17485
24135,187,23036
15360,22726,1338
20433,15250,18332,22909
@dps-end:
@rep:8
@time:15.209
@trys:1000010
@seed:112131119
@dps-begin:
20509,7645,10783
849,16149,21887
16662,15163,18157
23211,8460,21535
13128,22376,17935
23139,24038,13066
16449,5261,14751
15674,13978,10588
1969,5446,23033
15525,619,18862
@dps-end:
@rep:9
@time:16.884
@trys:1000010
@seed:108626351
@dps-begin:
22325,22517,525
16952,13307,5229,6621
22593,9649,5955
1400,2441,18110
10801,4585,17098
5280,21910,13593
1846,7671,3373
3427,3588,5183
24210,18198,17819
8419,7559,2296
@dps-end:
@rep:10
@time:15.275
@trys:1000010
@seed:107980007
@dps-begin:
12388,6585,7327
17296,25141,17039
1604,18920,15773
22945,21435,14
1287,13402,10575
12643,14068,7573
12779,17183,15567
20915,20524,20957
21209,13402
14293,5464,21752
@dps-end:
@rep:11
@time:14.89
@trys:1000010
@seed:106368047
@dps-begin:
20576,22945,20047
23552,17117,20798
17200,18388,10839
20401,2498,15014
5828,8805,17032
4290,17124,5770
11058,11282,23141
9426,120,16348
24491,13307,8827
1764,3812,6183
@dps-end:
@rep:12
@time:15.118
@trys:1000010
@seed:99187427
@dps-begin:
13402,6142
13984,13253,14332
8805,8281,14638
4660,16088,11514
15220,7782,13931
21221,119,15054
13040,23525,703
9360,2355,10463
1971,16820,287
6819,18011,24283
@dps-end:
@rep:13
@time:14.957
@trys:1000010
@seed:98976029
@dps-begin:
23905,86,5128
4433,21571,14638
15379,13459,20597
865,17371,1373
11361,22278,12951
22759,3738,21932
3428,23125,23658
19619,18771,20221
14194,22411
17040,15584,12951
@dps-end:
@rep:14
@time:15.213
@trys:1000010
@seed:97875523
@dps-begin:
18289,11319,10382
3491,16323,17636
24993,21752,24296
17831,10714,13566
16835,11300,8687
2225,5475,15567
21221,7398,15977
7367,13402,21727
25241,22523,12286
25017,619,21309
@dps-end:
@rep:15
@time:14.749
@trys:1000010
@seed:96763291
@dps-begin:
5169,21771
19584,10516,20597
8886,10154,18922
21937,3358,14046
9809,23690,13022
9591,18280,19740
14945,20693,22909
9944,9534,23919
24576,23640,4557
8696,17819,19151
@dps-end:
@rep:16
@time:14.767
@trys:1000010
@seed:95808337
@dps-begin:
71,13307
14786,10601,6940
10612,14668,14940
5637,3734,9035
23139,7452,24942
16449,12404,21626,15517
22517,935,23230
9616,11802,13402
11761,23025,4699
6625,1818,24091
@dps-end:
@rep:17
@time:14.98
@trys:1000010
@seed:94847387
@dps-begin:
18289,16408,21597
23907,23139,17460
13402,23758,11007
20929,21163,10667,9772
1136,20597,792
20561,23977,8140
22832,22759,5545
5107,5543,17180
9702,3212,17629
20757,18647,5145,14653
@dps-end:
@rep:18
@time:14.798
@trys:1000010
@seed:87552823
@dps-begin:
1459,20597,8539
16914,16424,13402
24993,1957,9692
19746,12788,24669
19210,18157,18815
16243,17671,23690
14869,6264,12350
16256,5120,13772
4724,21752,22108
20327,8072,13066
@dps-end:
@rep:19
@time:14.867
@trys:1000010
@seed:86842271
@dps-begin:
10801,3738
13294,17103
22307,3902,6878
16217,13402,5724,18141
23185,16073,8140
8913,12403,21366
596,18388,9867
6785,12417,15099
11444,16695,13995
15786,21914,15775
@dps-end:
@rep:20
@time:14.707
@trys:1000010
@seed:80650457
@dps-begin:
9649,22426
6228,1006,22751
6807,24204,20365
23845,6299,14958
24346,235,13035
7702,17065,4635
6704,3812,22553
4529,6678,24925
16806,22726
18484,6968,2874
@dps-end:
@rep:21
@time:14.944
@trys:1000010
@seed:78220001
@dps-begin:
9040,6647,7257
2627,18157,8367
12832,22277,13402
11538,22823,6510
16528,9473,3427
2514,6260,24533
1520,12515,19213
6397,10670,6831
10801,16251,11119
6647,16553,23690
@dps-end:
@rep:22
@time:14.742
@trys:1000010
@seed:74585729
@dps-begin:
7568,9649,22403,2308
14468,21732,6319
7568,20597,10280
22760,5354,19754
6566,14892,10703
7748,24484,21415
1184,5128,12541
25010,3923,1113
22564,12022,15210
8208,16226,22503
@dps-end:
@rep:23
@time:15.379
@trys:1000010
@seed:73852469
@dps-begin:
21060,4507
5744,20814,9167
14452,15079,19863
15600,16660,13414
20736,6647,10171
15568,16466,44,12493
22272,16720,10801,19356
21154,23338,17103
7184,22759,4009,6249
18388,9305,10377,6026
@dps-end:
@rep:24
@time:14.852
@trys:1000010
@seed:68750849
@dps-begin:
23154,10839,23692
22523,4699,11151
3009,6534,24358
18329,13386,9022
7636,21752,1006
19382,5439,5023
5296,24840,14345
5456,16689,5271,8397
16323,5365,16742
932,12135,16638
@dps-end:
@rep:25
@time:15.375
@trys:1000010
@seed:58160551
@dps-begin:
2826,8767,6831
6100,248,9917
5590,1818,14015
16449,24419,7899
16323,23734,6777
8097,5231,7791
137,15309,14015
24721,20221,4558
20434,10331,14524
15713,13573,12012
@dps-end:
@rep:26
@time:15.228
@trys:1000010
@seed:45320477
@dps-begin:
24416,8140,541
24204,20781,11710
10419,15321,16782
18979,18278,14808
6647,301,24911
10420,4458,4813
24919,13367,13402
20880,22726,13935
16256,12022,9692
14647,7671,19754
@dps-end:
@rep:27
@time:15.123
@trys:1000010
@seed:31913771
@dps-begin:
10420,7668,23125
22016,6545,18289
20663,23386,6510
20114,17385,14508
15126,23369,16220
13307,17213
9570,22539,2397,19295
1552,20365,16158
17829,16806,5100
20211,19029,22936
@dps-end:
@rep:28
@time:14.79
@trys:1000010
@seed:24096223
@dps-begin:
10839,18157
18388,8500,10808
12516,12668,1743
13280,1689,10763
4387,1428,1764
11429,5130,812
18965,12394,14683
22528,16723,4697
20339,5306,22285
5864,13049,13307
@dps-end:
@rep:29
@time:14.927
@trys:1000010
@seed:16980937
@dps-begin:
15220,20341,15263
23929,11484,12061
5637,22663,21772
19667,20597,6470
5120,16323,45
10823,22663,13929
19569,13523,7717
5682,19830,17180
6737,15461,21448
9680,20353,16984
@dps-end:
@rep:30
@time:14.938
@trys:1000010
@seed:8261369
@dps-begin:
10176,15713,13402
20322,21571,2487
4739,6691,11850
18305,22540,20524
7650,932,2011,17390
1043,13210,20587
13144,10763,16924
24370,23705,15099
9594,875,1437
5153,1073,21565
@dps-end:
