@rep:1
@time:18.5
@trys:1000010
@seed:179424673
@dps-begin:
8068,8221
8244,24445
42992,30479
37434,35614
10931,30479
16560,20390
19137,6979,24713
44201,32236
3783,23118
41804,33551
@dps-end:
@rep:2
@time:19.414
@trys:1000010
@seed:125164703
@dps-begin:
44115,37637
37657,15294
6979,17646
34050,20390
23161,35996
25555,1012,2396
259,7448
11344,477
30202,27599
32707,26841,37499
@dps-end:
@rep:3
@time:19.309
@trys:1000010
@seed:132011827
@dps-begin:
38470,17320
29073,8068
29969,44269
40971,18636
37637,34409
8068,34138
148,7017
17704,27932
7448,40478
41461,22525
@dps-end:
@rep:4
@time:18.859
@trys:1000010
@seed:124987441
@dps-begin:
11393,37499
9536,9766
28386,8002
24259,22367
36050,5000
17367,2203
8068,36431
42816,30196
28461,19182
7186,21579
@dps-end:
@rep:5
@time:19.331
@trys:1000010
@seed:123979721
@dps-begin:
33185,27085
27085,36879
13667,4056
19905,18249
23296,6069
4306,42262
146,9310
31868,31503
1449,11294
9334,12702
@dps-end:
@rep:6
@time:19.16
@trys:1000010
@seed:119777719
@dps-begin:
24259,32724
37089,4854
10481,842
17234,173
8790,19294
29250,20302
6669,34831
19045,43115
7842,21660
26375,18556
@dps-end:
@rep:7
@time:18.939
@trys:1000010
@seed:117705823
@dps-begin:
39505,39063
6979,16863
8636,26126
12435,9503
31670,30479
23760,42721
37126,9503
8636,10526
17466,9996
12723,25598
@dps-end:
@rep:8
@time:19.06
@trys:1000010
@seed:112131119
@dps-begin:
13667,18183
9014,35897,5199
13667,24685
31939,1526
27280,36641
39072,37528
33696,40457
25281,14065
43968,32098
19137,36604
@dps-end:
@rep:9
@time:19.119
@trys:1000010
@seed:108626351
@dps-begin:
7186,38686
34451,44138
2705,18023
28096,9762
17073,5292
3201,1526
12340,17717
30196,9206
18776,8636
21344,30792
@dps-end:
@rep:10
@time:19.516
@trys:1000010
@seed:107980007
@dps-begin:
35907,19294
15263,9503
8501,5544
34084,25598
26024,34888
17941,30479
4512,30289
18192,42273
17717,27134
13860,40842
@dps-end:
@rep:11
@time:19.076
@trys:1000010
@seed:106368047
@dps-begin:
30839,30479
36385,27085
31037,30479
8696,37403
6557,31166
43706,19839
6369,31351
16542,12126
43075,27749
35659,8543
@dps-end:
@rep:12
@time:18.37
@trys:1000010
@seed:99187427
@dps-begin:
6194,36957
39072,2014
3703,37499
41459,8648
7376,11375
6979,41860
11845,42430
18311,35897
643,26583
7666,26924
@dps-end:
@rep:13
@time:18.677
@trys:1000010
@seed:98976029
@dps-begin:
9766,18345
38720,4957
16679,18141
37238,30926
32113,19137
23318,9418
15440,8457
43974,12902
20720,26863
27637,5061
@dps-end:
@rep:14
@time:18.827
@trys:1000010
@seed:97875523
@dps-begin:
26858,8442
43706,37835
16901,37434
30962,25331
33954,6234
18192,8921
36434,8068,24102
37139,18954
18556,12366
6234,477
@dps-end:
@rep:15
@time:18.941
@trys:1000010
@seed:96763291
@dps-begin:
14165,30479
5272,39449
6513,35118
27637,43356
17006,30479
44097,7766
40039,12558
32496,18556
1338,26747,42430
12875,7887
@dps-end:
@rep:16
@time:18.557
@trys:1000010
@seed:95808337
@dps-begin:
6069,9183
22001,32919
2640,9995
33848,18360
27340,30479
19738,4958
29201,148,6380
11390,12558
12754,37924
30842,17902
@dps-end:
@rep:17
@time:18.424
@trys:1000010
@seed:94847387
@dps-begin:
14165,27085
32065,14540
39063,43052
2614,10905
17367,36137
29201,3797
38035,7145
20498,2468
36178,37139,17741
12756,10648
@dps-end:
@rep:18
@time:18.699
@trys:1000010
@seed:87552823
@dps-begin:
12016,3272
43342,31503
6979,31379
23162,78
6818,34953
8893,12126
7936,23118
31360,8363,40748
23322,11934
43364,26151,17599
@dps-end:
@rep:19
@time:18.54
@trys:1000010
@seed:86842271
@dps-begin:
13354,34269
5972,7118
1024,17902
3569,14636
32065,26218,2445
2880,5340,9934
1981,18141
10905,15276
39063,37785,18572
38208,41213
@dps-end:
@rep:20
@time:18.761
@trys:1000010
@seed:80650457
@dps-begin:
26964,33848
43968,15616
7376,31785
30561,39806
12106,12126
1428,1449
27785,8425
34534,18556
12501,40264
34517,21772
@dps-end:
@rep:21
@time:18.817
@trys:1000010
@seed:78220001
@dps-begin:
3230,3135
3127,42637
35163,36957
18183,25464
27635,15671
8068,25305
5584,34874
42577,9117
6979,35871
7458,10438,37048
@dps-end:
@rep:22
@time:18.556
@trys:1000010
@seed:74585729
@dps-begin:
1227,9503
16486,5128
27637,9356
15729,32998
23760,41302
2798,11646
2213,23291,13053
44153,6283,19663
1444,15226
24352,4337
@dps-end:
@rep:23
@time:18.763
@trys:1000010
@seed:73852469
@dps-begin:
9014,36937
17152,19080
914,39449
41480,8459
8899,36588,25695
33010,19503
6069,19980
28114,9014,43339
38642,18261
2468,37911
@dps-end:
@rep:24
@time:18.575
@trys:1000010
@seed:68750849
@dps-begin:
22007,37499
8068,9711
6194,749
6979,8869
35008,10453
17367,16057
15399,9503
5867,18556
34019,34022
25839,18543
@dps-end:
@rep:25
@time:18.733
@trys:1000010
@seed:58160551
@dps-begin:
41907,18556
20390,39019
4244,43974
25590,40214,19832
19873,21054
3136,1121,19182
43974,926
20081,7981
39072,29059
33617,3521
@dps-end:
@rep:26
@time:18.607
@trys:1000010
@seed:45320477
@dps-begin:
37499,15023
14723,7677
8437,17397
37093,38461
8048,15240
38504,7675
25544,35003
17336,22153
14152,6283
21481,8425
@dps-end:
@rep:27
@time:18.249
@trys:1000010
@seed:31913771
@dps-begin:
19137,44306
9032,20606
12528,1526
23008,15391
44386,3230
21361,17981
28647,9737
18354,8648
10512,35276
17717,17944
@dps-end:
@rep:28
@time:19.957
@trys:1000010
@seed:24096223
@dps-begin:
34022,20390
6064,21054
25326,15391
39308,9503
8374,35003
7702,30479
14165,10776
31571,41876
41459,37637
30196,6347
@dps-end:
@rep:29
@time:18.616
@trys:1000010
@seed:16980937
@dps-begin:
37637,40748
42611,4297
8977,34760
35619,23019
5972,7118
17367,39335
8068,27529
14165,16471
2705,28275
6157,21342
@dps-end:
@rep:30
@time:18.655
@trys:1000010
@seed:8261369
@dps-begin:
39445,35694
18556,14062
32861,9503
3232,11552
9667,43530
27623,43644
14435,9812,33848
42435,42680,42139
8977,16810,16347
31186,26821,40173
@dps-end:
