@rep:1
@time:9.899
@trys:1000010
@seed:179424673
@dps-begin:
23649,32616,17437
28883,40313,32188
31156,23514,16538
32710,32650,20620
31537,12967,6506,40507
36149,17269,7897
24707,23748,2760
14614,29654,15421
40818,25206,16061
1300,13143,29439
@dps-end:
@rep:2
@time:8.872
@trys:1000010
@seed:125164703
@dps-begin:
17393,8308,38815
30595,886,8830
22929,10905,20813
31634,27468,32541
33957,25301,18856
11473,13605,44379,24847
37171,8777,12426,31133
29088,9989,21914,18124
42264,6620,33485
5586,4471,37835,4750
@dps-end:
@rep:3
@time:8.36
@trys:1000010
@seed:132011827
@dps-begin:
404,7287,35642
20469,2133,24414
20437,23528,3437
20453,9030,27959,15131,18991
4400,43950,14
36963,20244,10301
28321,17220,21720
42327,4060,26940
5380,2284,43341,10399
16929,597,584,36143
@dps-end:
@rep:4
@time:8.226
@trys:1000010
@seed:124987441
@dps-begin:
17888,12425,25674
28309,40727,13625,24218
41130,23323,38333
881,33363,26982,9402
210,16723,8392
17362,29974,44265
31060,18871,11695
1737,27081,19421
35203,34387,35831
25140,8389,20298,3324
@dps-end:
@rep:5
@time:8.366
@trys:1000010
@seed:123979721
@dps-begin:
5763,29942,35802
24112,3621,19935
39425,5,19070
42787,38678,1964
42322,41146,16173
27888,11830,4122
26928,24345,4811,27949
8643,1271,32600
12499,26918,21063,23801
22000,38466,10694,26054
@dps-end:
@rep:6
@time:8.391
@trys:1000010
@seed:119777719
@dps-begin:
3047,34605,22830
38546,16949,10028
37667,26245,20990,17822
21066,34378,19501
21426,19510,35816
31633,39394,43125,23830
22784,7291,33679
21602,43002,20282
23699,5382,42952
16679,30076,1295
@dps-end:
@rep:7
@time:8.513
@trys:1000010
@seed:117705823
@dps-begin:
10004,22360,25580,20158
16709,1926,29627
30129,25137,10142
10834,36916,2295,7500
5219,30311,13945,16265
17648,29698,31714
17656,19130,31471
4192,43744,2760,24011
42849,21511,16602
26080,23251,7205,41,41786
@dps-end:
@rep:8
@time:8.46
@trys:1000010
@seed:112131119
@dps-begin:
1266,5915,3870
5683,42296,10121
196,35928,33528
36400,36146,34259
35569,22742,5512,43487
1894,5484,4750
23355,2892,1710,2222
29043,376,11950
18752,14067,39151
37072,32633,34639
@dps-end:
@rep:9
@time:8.465
@trys:1000010
@seed:108626351
@dps-begin:
20358,31166,1295
7075,17806,303
37554,20453,21306
34640,43536,2001
30180,22837,30314,1949
7745,36660,34025
40498,3366,17370,35642
1296,29267,10063
42193,40439,44492
16530,37785,39438
@dps-end:
@rep:10
@time:8.345
@trys:1000010
@seed:107980007
@dps-begin:
17377,42091,29551
39921,35542,38558
32321,11764,26821
2439,28988,527
14867,26137,21996,22830
26128,42264,41930,31117
19920,7540,36885
4747,23596,22830
36818,3463,38634
19025,41699,44213,2299
@dps-end:
@rep:11
@time:8.7
@trys:1000010
@seed:106368047
@dps-begin:
17122,21634,2525
26304,5683,196,17656
24000,35928,18783
24611,25575,42667
41494,1206,35662
12139,43900,20863
26960,22149,28665
19031,11640,34616
20577,15509,6413
24099,21379,43013,16455
@dps-end:
@rep:12
@time:9.465
@trys:1000010
@seed:99187427
@dps-begin:
30581,26168,24302
5010,32009,31868
5012,25126,25945,3087
14633,43098,43612
29378,18086,37214
4902,10443,29822,543
42726,14412,21934,24623
23248,23830,35751
6981,28309,28806,2222
2661,6766,2399
@dps-end:
@rep:13
@time:9.416
@trys:1000010
@seed:98976029
@dps-begin:
385,13201,21679
26035,39661,34479
5082,34301,2271
20453,32922,24474
15959,38169,20908
30480,995,30201
243,10678,12041,37549
43152,29627,43343
26984,31741,13086
22402,4962,34806
@dps-end:
@rep:14
@time:8.925
@trys:1000010
@seed:97875523
@dps-begin:
27750,16439,27656
23288,33993,11630
14912,1171,11690,42557
14180,14341,27293
16561,1108,4840
2937,42315,34655
11778,11655,37518
30728,317,18861
3808,32321,39921,8290
16901,301,7615
@dps-end:
@rep:15
@time:8.656
@trys:1000010
@seed:96763291
@dps-begin:
35072,3793,8598
1665,30595,42969
8516,23397,17270,3947
23122,26889,21851
25681,29366,4248
7184,42444,26367
36864,1065,21679
2404,14122,39388,6479
21456,30809,19004,3262
22480,37042,3987,4174
@dps-end:
@rep:16
@time:8.326
@trys:1000010
@seed:95808337
@dps-begin:
5552,37584,2381
31640,17978,41578,5004
28385,3810,20453
11682,6695,37790
12997,26790,22283
44464,16323,7434
34642,41348,26716
4128,33968,23353
29445,34573,26879
17843,42728,13774
@dps-end:
@rep:17
@time:8.284
@trys:1000010
@seed:94847387
@dps-begin:
16675,4122,21084
21874,14122,15231
13509,2012,19629
34721,7173,25750,21190
5015,2295,44524
27093,41995,28429
30595,42264,299,42797
6758,6409,11725,19374
2533,3111,43103
29895,10632,270
@dps-end:
@rep:18
@time:9.191
@trys:1000010
@seed:87552823
@dps-begin:
13249,3079,9599
18985,16697,20943
34192,22104,13097
39718,26166,40729
24856,14153,21963
7826,20227,21644
13875,2342,781
27124,14169,32315,9868
17538,44326,7005
31905,42962,15864
@dps-end:
@rep:19
@time:9.154
@trys:1000010
@seed:86842271
@dps-begin:
7137,24133,14406
28327,41095,36569,19803
11090,7191,11564,36189
42779,23213,8255
11088,34257,8579,29479
13680,5836,44126
40756,12037,31069
4387,28506,21423
258,35924,32693,38615,18735
19184,26042,21099
@dps-end:
@rep:20
@time:9.535
@trys:1000010
@seed:80650457
@dps-begin:
2801,25895,36716
11024,38345,32381
12035,28422,2333
13511,7818,12734
1473,28098,2980,5770
20259,34518,31449
2932,23241,7261
6757,15449,28969,22189
11686,8474,8298
25712,24721,27491,43480
@dps-end:
@rep:21
@time:9.043
@trys:1000010
@seed:78220001
@dps-begin:
42100,4406,25049,8651
5750,40263,26233
17473,28696,538
22097,8374,12153
1218,34074,15933
31507,40203,36251,18318
2993,17025,9384,6266
27890,19237,8426
23265,6371,23556,1295,26879
15058,28085,6282
@dps-end:
@rep:22
@time:8.572
@trys:1000010
@seed:74585729
@dps-begin:
3671,19963,44492
439,13673,3567
8870,7227,25595,16573,24782
34883,18611,26347
18993,35529,843
38979,11830,25580,18894
23099,8267,27005
8211,3510,16297
1785,13738,27179
16386,19463,36745,41038
@dps-end:
@rep:23
@time:8.244
@trys:1000010
@seed:73852469
@dps-begin:
40338,19718,5915
39425,20018,41699
35905,22959,8623
24866,35975,39896,19116
9303,34588,36429,31214
20282,43612,17901
30451,35784,2937
21475,32589,16494,34511
35730,4235,32190,37647
41617,14643,6506,7261
@dps-end:
@rep:24
@time:8.37
@trys:1000010
@seed:68750849
@dps-begin:
816,35112
13120,9002,11594
6388,13945,17247
41283,7640,41769
5924,25034,157
5,31868,33359
1414,40710,13338
9458,3817,31372
35025,42306,22471
1842,22323,17765,27527
@dps-end:
@rep:25
@time:8.278
@trys:1000010
@seed:58160551
@dps-begin:
3671,37225,41022
25044,2295,36809
305,7339,43455
27408,2004,7430
15925,39718,21439
26728,1897,42555
22739,30307,22715,16413
18308,1622,27560
500,16602,5308
3703,20184,11086
@dps-end:
@rep:26
@time:8.399
@trys:1000010
@seed:45320477
@dps-begin:
33308,12348,9935
15315,26423,3148
5202,42023,10252
9446,26904,7705
17927,4136,41003,10028
29348,22133,17017
38144,35381,35390
13825,21891,2485
12804,34633,24302
34723,36471,32573
@dps-end:
@rep:27
@time:8.321
@trys:1000010
@seed:31913771
@dps-begin:
23734,15368,24651
23144,16377,525
43169,31170,2727
36149,2924,28159
28146,24099,8188
39571,10069,36602
10069,16504,38985,5085
16289,18188,1295
28244,13945,15020
11552,26659,34182
@dps-end:
@rep:28
@time:8.299
@trys:1000010
@seed:24096223
@dps-begin:
16049,28089,23791
17797,9029,9959
13632,17659,26075,19295
1296,43620,38715
30003,12425,17340
4167,31224,22830
2288,35922,17017
38903,2648,15771
41125,22715,42557,9135
17698,11796,42696
@dps-end:
@rep:29
@time:8.56
@trys:1000010
@seed:16980937
@dps-begin:
16275,11461,1285
6528,34564,12199
31460,4397,19774
42804,12573,12029
11682,36234,33164,29166
3284,390,9030
34721,37137,30705
12129,35962,44427
32001,22642,42782,42975
14230,20487,15849,30619
@dps-end:
@rep:30
@time:8.226
@trys:1000010
@seed:8261369
@dps-begin:
22896,22642,12694,39337
41041,18437,36184
30872,3160,17017
35504,5970,19516
36593,3013,34393,5082
23233,28696,37849
4336,34247,794
7953,1398,41258
23697,16802,4663,3868
5547,8828,44492
@dps-end:
