@rep:1
@time:14.015
@trys:1000010
@seed:179424673
@dps-begin:
1505,471
1028,1503
2256,1347
1505,1001
615,681
1765,118
390,188
993,1001
1505,2358
893,2735
@dps-end:
@rep:2
@time:14.649
@trys:1000010
@seed:125164703
@dps-begin:
484,1254
1765,2735
278,615
993,233
993,262
1505,1547
1505,2158
993,2412
2087,40
1521,40
@dps-end:
@rep:3
@time:13.895
@trys:1000010
@seed:132011827
@dps-begin:
390,471
1254,390
2256,471
471,2615
248,811
2133,732
1733,40
188,2735
682,2735
993,392
@dps-end:
@rep:4
@time:13.836
@trys:1000010
@seed:124987441
@dps-begin:
482,2735
811,1503
1347,684
1521,1505
1797,684
40,2362
1483,811
484,2553
993,562
1911,1658
@dps-end:
@rep:5
@time:13.875
@trys:1000010
@seed:123979721
@dps-begin:
811,684
482,1911
471,1503
1251,681
144,993
1573,615
390,188
2048,811
1254,1277
72,2735
@dps-end:
@rep:6
@time:13.67
@trys:1000010
@seed:119777719
@dps-begin:
993,1254
2456,732
1505,2133
1505,2275
1505,213
484,1503
2822,1911
214,811
993,1494
1073,392
@dps-end:
@rep:7
@time:13.697
@trys:1000010
@seed:117705823
@dps-begin:
1254,471
1685,811
615,811
562,811
2256,1251
593,615
2615,1514
993,2216
1985,2120
72,2735
@dps-end:
@rep:8
@time:13.842
@trys:1000010
@seed:112131119
@dps-begin:
1028,1503
1505,1026
811,1277
2256,1347
788,484
886,471
1505,1894
390,682
1347,1277
1505,1458
@dps-end:
@rep:9
@time:13.557
@trys:1000010
@seed:108626351
@dps-begin:
1505,811
118,40
1254,390
2256,732
484,1733
1573,732
1347,1028
993,1733
732,2333
1505,681
@dps-end:
@rep:10
@time:13.706
@trys:1000010
@seed:107980007
@dps-begin:
2256,732
2615,2735
1347,2456
811,283
1505,1001
144,484
1505,2120
1505,1627
1505,2362
993,593
@dps-end:
@rep:11
@time:14.78
@trys:1000010
@seed:106368047
@dps-begin:
1505,482
615,2735
615,811
484,1573
484,392
97,811
1765,1514
1797,2456
1347,1658
1505,1190
@dps-end:
@rep:12
@time:13.714
@trys:1000010
@seed:99187427
@dps-begin:
811,732
788,471
993,811
993,2735
1505,684
1733,118
484,684
1733,615
1573,615
1505,2075
@dps-end:
@rep:13
@time:13.344
@trys:1000010
@seed:98976029
@dps-begin:
593,811
1685,40
2133,732
262,615
1765,1911
1797,2456
1251,1573
1505,1618
593,1765
1251,1739
@dps-end:
@rep:14
@time:13.668
@trys:1000010
@seed:97875523
@dps-begin:
1505,390
1505,1911
1797,2735
1347,1028
392,1514
262,732
471,2216
278,615
1505,211
1505,2222
@dps-end:
@rep:15
@time:13.737
@trys:1000010
@seed:96763291
@dps-begin:
1505,2735
390,732
1505,1733
211,732
1028,1797
1985,1254
993,1192
390,1183
1985,40
1821,2735
@dps-end:
@rep:16
@time:13.519
@trys:1000010
@seed:95808337
@dps-begin:
1514,811
471,2615
1685,1254
615,2735
788,732
390,1503
1505,213
1505,1190
1505,191
993,1001
@dps-end:
@rep:17
@time:13.957
@trys:1000010
@seed:94847387
@dps-begin:
2256,471
471,684
1985,684
1192,732
562,811
484,2333
993,593
2629,40
1505,1807
1585,390
@dps-end:
@rep:18
@time:13.546
@trys:1000010
@seed:87552823
@dps-begin:
811,2735
278,1514
278,471
1985,684
993,40
262,1514
1573,615
1505,1522
484,2333
886,732
@dps-end:
@rep:19
@time:13.985
@trys:1000010
@seed:86842271
@dps-begin:
1505,392
2099,811
1347,471
484,681
211,732
1347,278
1585,811
615,764
1505,1770
993,2216
@dps-end:
@rep:20
@time:14.069
@trys:1000010
@seed:80650457
@dps-begin:
482,811
593,40
1765,390
993,2133
993,262
993,2741
1505,1547
1347,2133
1505,1694
2456,1503
@dps-end:
@rep:21
@time:13.875
@trys:1000010
@seed:78220001
@dps-begin:
1911,471
993,1254
278,811
993,811
2472,811
1797,471
1026,1514
1505,1192
278,615
993,2133
@dps-end:
@rep:22
@time:13.899
@trys:1000010
@seed:74585729
@dps-begin:
392,732
1347,1765
248,811
262,732
484,392
262,1514
1347,2456
1254,1658
1985,118
1543,40
@dps-end:
@rep:23
@time:13.765
@trys:1000010
@seed:73852469
@dps-begin:
811,732
471,1911
484,811
1347,1658
1505,1683
482,188
1251,392
1026,615
144,211
1585,390
@dps-end:
@rep:24
@time:13.831
@trys:1000010
@seed:68750849
@dps-begin:
482,2735
1505,1733
593,732
1985,684
1505,2333
886,811
484,118
993,2133
615,684
2615,615
@dps-end:
@rep:25
@time:13.921
@trys:1000010
@seed:58160551
@dps-begin:
2256,1505
1347,40
2133,732
2216,811
1505,1985
1461,811
484,2333
615,764
1985,1028
1505,2440
@dps-end:
@rep:26
@time:13.844
@trys:1000010
@seed:45320477
@dps-begin:
732,2735
2256,471
278,811
993,1505
1347,681
471,2472
1505,2120
471,248
1797,278
40,2412
@dps-end:
@rep:27
@time:13.457
@trys:1000010
@seed:31913771
@dps-begin:
1911,811
471,235
392,732
1347,1733
1797,1514
1839,2735
1505,2222
2456,1183
1985,40
1985,1733
@dps-end:
@rep:28
@time:13.882
@trys:1000010
@seed:24096223
@dps-begin:
484,811
482,1254
2099,811
278,1514
1765,278
144,993
1665,811
1585,390
392,682
945,1911
@dps-end:
@rep:29
@time:13.742
@trys:1000010
@seed:16980937
@dps-begin:
993,1254
993,1733
2133,732
1251,40
2256,1251
1505,118,392
1765,1911
993,262
1821,2735
593,1985
@dps-end:
@rep:30
@time:13.697
@trys:1000010
@seed:8261369
@dps-begin:
235,2735
2615,2735
1733,1514
1765,2255
993,788
211,732
2456,1514
1665,811
1505,1893
1505,2158
@dps-end:
