@rep:1
@time:43.49
@trys:1000010
@seed:179424673
@dps-begin:
35716,55829,15302,24438,36616,23547
54588,59612,61471
21732,80346,106669
72064,55720,61336,35692,57567
50838,78166,49914,25917
39411,28837,83594,108895
22706,44675,102085,39772,56685
65897,37352,75499,77517
29089,54385,9644,69647,105502
45589,50936,36107,22173
@dps-end:
@rep:2
@time:43.762
@trys:1000010
@seed:125164703
@dps-begin:
73733,20197,51338
61536,69831,49240,5017
97161,5019,77309,81310
37767,28327,107529,96795
68241,42080,50394,52556
34306,89476,84180,80300
21526,76957,85708,78412
87124,73559,92071
65808,76439,84936,74671
30705,56116,74346
@dps-end:
@rep:3
@time:43.588
@trys:1000010
@seed:132011827
@dps-begin:
4880,28720,89717,42025
96553,33818,49323,63228,40687
60242,69128,40158,35935
24240,8107,97615
83878,69001,2844
26752,78691,422,107431
2192,42657,50024,75244
41347,55670,263,67931
70466,80324,62566,67259
72720,90387,20787,38788
@dps-end:
@rep:4
@time:42.744
@trys:1000010
@seed:124987441
@dps-begin:
10611,68182,50984,21481
51762,43492,62075,108478
77521,29193,14350,65790
39697,16568,105021
94645,13956,108825
67847,95979,104078
76835,39386,61854,98014
76497,20090,3741,29550
77072,6692,56599,90556
70533,72697,14665,57662
@dps-end:
@rep:5
@time:40.621
@trys:1000010
@seed:123979721
@dps-begin:
25268,6215,14734
43539,107908,53658,108972
30387,27716,71076,61805
60210,78482,69839,61966
45628,101486,47903
24337,4421,34631,95210
79860,36408,47978,94511
84418,89250,36502,63192
85524,104826,53599
39073,77764,94647
@dps-end:
@rep:6
@time:21.235
@trys:1000010
@seed:119777719
@dps-begin:
60871,57178,34237,25214
80246,33098,67581
27875,68479,87150
67266,87160,96652
42499,68937,83549,24207
101079,37352,14156,67823,8271
95969,74129,66745
44073,55753,104922
53377,5330,89271,63145,36809
43953,108850,56083,72102,46318,49214
@dps-end:
@rep:7
@time:22.396
@trys:1000010
@seed:117705823
@dps-begin:
91826,79830,6104
39056,42993,24298
87957,94228,67444,41950
20965,72214,49100
67573,64005,81428,74633,23531
67634,39315,25804,43871
51547,46477,33582,51055
60036,34004,105736,71150
55746,10104,26714,18685
99137,52539,36573,31294
@dps-end:
@rep:8
@time:21.707
@trys:1000010
@seed:112131119
@dps-begin:
30341,64638,66191,76910
66520,8363,23997,103564
55738,39467,79372,40687
26706,74503,43961
97313,31427,61259
62052,36344,74830
79638,27787,8271
37189,98198,65114,41023
20915,70226,20648,32568,49035
49969,26929,42430,37775
@dps-end:
@rep:9
@time:42.856
@trys:1000010
@seed:108626351
@dps-begin:
22242,39237,33355,95727
65315,78519,24111
75549,106461,63469,56334
56245,89790,69038
90662,28264,21532,68109
70884,24537,22797,27741,59775
75539,42002,30196,95915
18274,50325,103447,22364
61585,24993,93410,107481
60337,28089,24042,104778,21388
@dps-end:
@rep:10
@time:44.609
@trys:1000010
@seed:107980007
@dps-begin:
25641,11918,68111
103892,58331,71182
64710,71405,16956
42597,7225,49675,71391,102286
94177,82157,68878
104072,95514,64637,21309,20589
13072,61697,61387,60574
27137,108466,69994,25983
63200,54465,9320
27960,98843,57679,40223
@dps-end:
@rep:11
@time:45.11
@trys:1000010
@seed:106368047
@dps-begin:
38561,24124,24111
25447,75832,90203,29743
68626,21304,39640,72047
69216,39895,44457,93226
5191,85097,89375
13138,35638,51078,80557
30048,3827,71320,91451
72950,104139,21740
30369,7378,34566,30475,1213
27010,57580,57069
@dps-end:
@rep:12
@time:46.405
@trys:1000010
@seed:99187427
@dps-begin:
107379,69026,34068,24428
53283,21075,85339
31045,67450,103087,101950
86502,24169,37401,73725
61042,20377,72203,72604
68899,47444,69045,55429
22960,22579,50778,6842,65263
90961,32786,2452,89769
102914,30867,91835
67394,102441,91357,89535
@dps-end:
@rep:13
@time:42.375
@trys:1000010
@seed:98976029
@dps-begin:
2192,38675,37685
66277,80345,27598
96176,77879,3403,70797
66034,87544,106669,29166
85618,61818,97595,65002,89850
55924,73113,61357,55902
83858,44885,615,24111
77601,52262,32412
37363,60810,95963
48241,106720,70195,47875,48073
@dps-end:
@rep:14
@time:40.489
@trys:1000010
@seed:97875523
@dps-begin:
12339,5386,39884
87392,75911,33078,41047
90990,36703,69886
54560,60210,109026,82167
67280,97859,70949,76014
70018,7139,40947,43485
4808,62985,77005,32703
65328,16448,68078
89603,20407,88586,51039
38771,60435,55317,71710
@dps-end:
@rep:15
@time:42.528
@trys:1000010
@seed:96763291
@dps-begin:
35498,43339,66589
1602,70131,23902
74816,36584,42841
48563,80267,26458,43900
76768,88643,75273,87098
52625,71491,57977,40315
11985,29604,101175,20631,106159
24641,27910,100040,55737,88365
78355,87107,27123,14263,87951
47920,32272,75315,79582
@dps-end:
@rep:16
@time:41.685
@trys:1000010
@seed:95808337
@dps-begin:
30449,108716,59757,30750
99781,106171,78107
25272,40826,3262,32942
24036,61718,60248,61705,70811
68256,22417,107167
49847,80682,77197,57470
6995,93842,73236,70246,5486
21697,23826,35299,100105,79007
46880,32593,32977,94375,22791,79546
3640,107659,70573
@dps-end:
@rep:17
@time:42.142
@trys:1000010
@seed:94847387
@dps-begin:
25744,65541,79054
106625,55689,21358
99365,36196,38826,37518
77763,11735,90280
69120,48741,42457,61115
54289,67650,37695
81520,9571,55807,78910
102963,47555,69748,61413
64146,43123,36366
39617,43000,60712,41053
@dps-end:
@rep:18
@time:41.662
@trys:1000010
@seed:87552823
@dps-begin:
21664,101545,36732
15939,75565,38221,77564
56469,5399,89590,83318
107892,96808,31354
73555,91365,69159,47947
36192,62168,52921
9205,27045,34550,53358
104258,91357,5789,75742
79874,57784,37674,18686
61521,19460,92633,14795
@dps-end:
@rep:19
@time:43.362
@trys:1000010
@seed:86842271
@dps-begin:
37749,72713,90842,21775
21104,42408,105080,71610
4801,43784,44553,33627,90074
101953,6441,45407
55124,22340,49079,40842,91338
4387,36164,72277,58922,108282
38169,83832,1898,76109
106627,42644,72457,76745,58186,103212
47139,41428,67261,39806
49076,21829,87210,62511
@dps-end:
@rep:20
@time:42.88
@trys:1000010
@seed:80650457
@dps-begin:
92688,84264,18223
29041,78883,25634
42518,98294,73366,17949
29976,55516,77036,85566
2113,73971,100847
86886,75418,19423
39416,67244,76844
49030,43787,75967
77667,32583,72856,23274
87511,65735,76855,47464
@dps-end:
@rep:21
@time:42.357
@trys:1000010
@seed:78220001
@dps-begin:
40704,36880,44773,39034
26549,84743,56094
7088,62435,32505,74671
49283,46444,28958,92622
76722,3609,89406
105553,53159,31373
93937,56017,49218,30387,49675
46544,106544,68775,3802
21857,20669,92479
82691,25731,21068,59646
@dps-end:
@rep:22
@time:43.076
@trys:1000010
@seed:74585729
@dps-begin:
20292,34411,66220
35858,57159,63387,32814
60337,41026,23285,22581,77150
45846,109177,33326
38888,42427,16157,21549
22674,23846,31630,18271
65079,82939,90398
67828,50776,49759
37152,56081,28397
103141,69753,89261,102783
@dps-end:
@rep:23
@time:46.502
@trys:1000010
@seed:73852469
@dps-begin:
24130,91365,83083
12951,20570,84461,43853
72375,90262,25471
100561,104113,16577,27079
50480,37767,49592,92427
18820,27221,31999
69241,27598,37007
83105,23523,38844,75341
54601,44345,24491,23789,83100
30065,64648,56316,18559
@dps-end:
@rep:24
@time:41.517
@trys:1000010
@seed:68750849
@dps-begin:
22246,62121,31
80051,56644,46231
64449,60394,6443
61237,32839,15402
64676,58407,95062,95078,38062
57203,45349,26007,56186
21713,24405,24334,88318
34835,44403,85116
97714,6517,2475,88687
44738,91989,64918,26745
@dps-end:
@rep:25
@time:42.639
@trys:1000010
@seed:58160551
@dps-begin:
68384,31142,67465
26929,55252,104743,100920
45475,28502,26396
95937,29589,22695,28045
26114,44972,71820,76094
96194,47242,5247
82408,65883,67468,51885
1973,70134,26556
36864,93527,53053,67647
62528,80485,7542,43743
@dps-end:
@rep:26
@time:42.223
@trys:1000010
@seed:45320477
@dps-begin:
24608,23260,37582
11689,71887,64206
32690,42563,12189,61421
50673,35093,42776,38841,58427
71285,68948,68408,63625,69512,49693
53058,7724,48013,51967
58592,85878,5928,44623
34284,28349,40431,25583
64164,44261,75544
89760,64293,18183,61431
@dps-end:
@rep:27
@time:41.802
@trys:1000010
@seed:31913771
@dps-begin:
44000,50518,68383
82835,79366,76406,36254
3152,7027,9988,65547
44643,73012,69959,22281,17961
32944,23587,67364
105171,79771,27292,66701
21408,66967,71482,57999
97334,104953,41690,29084
37393,33944,26094
43202,106899,29730,108583
@dps-end:
@rep:28
@time:44.011
@trys:1000010
@seed:24096223
@dps-begin:
40513,50201,106844
93328,22007,35626,68442,82172
94533,67848,64638
27282,36053,48918,26086
98823,57900,100751,62431
37440,36417,50697,69611,82877
14901,12761,108552,107226
48549,50425,44974,40287
57568,27761,69023
36327,6217,72938,17870
@dps-end:
@rep:29
@time:46.23
@trys:1000010
@seed:16980937
@dps-begin:
96309,2007,83288,12715
19287,55911,62151
109223,104472,28153,64348
31472,44547,45205,55706
26513,1634,4327,37352
69762,62583,46381
53154,43225,27006
37508,15127,71115,89931,50861
108843,70218,27454
30433,26277,30207,80222
@dps-end:
@rep:30
@time:45.613
@trys:1000010
@seed:8261369
@dps-begin:
62968,71786,79082,88828
56849,37381,956
96241,43618,93270,98486
81321,28072,76187
36755,56661,66280,108717
100481,25379,2293
48816,34195,49006,47503
98743,99647,29598
74599,74057,82301,79966
29988,84308,9242,58380
@dps-end:
