@rep:1
@time:9.069
@trys:1000010
@seed:179424673
@dps-begin:
13506,9576
642,18334
11716,21550
12099,14971
12388,4759
19843,4540
17686,6540
375,3673,19755
625,5937,23928
16659,11497,12078
@dps-end:
@rep:2
@time:8.667
@trys:1000010
@seed:125164703
@dps-begin:
2130,13828
13314,24303
14515,22540
18801,12066
11809,16600
3505,10996
5413,15150
8142,7998
19713,19501
20279,10591
@dps-end:
@rep:3
@time:9.207
@trys:1000010
@seed:132011827
@dps-begin:
14724,18410
13845,17093
7298,14971
14971,2908
21290,23132
14689,22356
24917,9080
11621,7544
21953,14870
3975,18653,9982
@dps-end:
@rep:4
@time:8.492
@trys:1000010
@seed:124987441
@dps-begin:
12066,13979
24813,9854
15619,22552
10625,10550
23795,14599
19120,2130
10033,2243,22901
14416,24290,22933
923,19293,14927
126,6015,5983
@dps-end:
@rep:5
@time:9.066
@trys:1000010
@seed:123979721
@dps-begin:
14971,11263
22228,23365
12066,18606
20897,10533
12066,6221
729,25038
9349,18840
9539,8223
14872,17035
9256,7544
@dps-end:
@rep:6
@time:8.993
@trys:1000010
@seed:119777719
@dps-begin:
17385,7610
6480,12066
22552,9486
11233,7544
21828,14971
224,13325
22710,366
22144,7998
6640,15081,20922
855,11243
@dps-end:
@rep:7
@time:8.732
@trys:1000010
@seed:117705823
@dps-begin:
22552,22155
12066,22854
12066,17791
7456,9049
8498,17881
5126,19352
23008,5489,2147
5828,20279,20987
19973,14971
10513,13172,16809
@dps-end:
@rep:8
@time:8.955
@trys:1000010
@seed:112131119
@dps-begin:
20259,22552
16544,8498
6204,206
14363,1294
2645,971
23187,22405
3991,6077
14744,21193
23493,10941
6357,16359
@dps-end:
@rep:9
@time:9.052
@trys:1000010
@seed:108626351
@dps-begin:
25188,18556
7544,473
12066,9332
2113,13382
4320,20885
3057,21090
11395,7624,24990
4579,23684,10287
21106,12581,3805
7544,20525,893
@dps-end:
@rep:10
@time:9.062
@trys:1000010
@seed:107980007
@dps-begin:
12066,9215
36,24919
11782,23353
1120,16659,13220
15878,9226
14160,5159,16348
8722,1058,12575
9298,11576,7997
18882,20603,18927
19554,20918,2857
@dps-end:
@rep:11
@time:8.787
@trys:1000010
@seed:106368047
@dps-begin:
2562,24533
24002,3608
12066,20802
14744,19547
423,18762
3991,3081
14185,16857
8498,23973
21745,212,11935
24482,3991,4264
@dps-end:
@rep:12
@time:8.816
@trys:1000010
@seed:99187427
@dps-begin:
13176,14971
11066,8702
10996,24734
13382,5437
22531,11454
19857,9733
14835,19428,24889
20259,6622,17614
6486,17962,14123
17248,17219,2863
@dps-end:
@rep:13
@time:8.925
@trys:1000010
@seed:98976029
@dps-begin:
12066,12477
10601,22379
22405,4344
6129,3409
20897,16489
4320,16043
2584,13342
2088,14971
3505,22897,16157
23673,10302
@dps-end:
@rep:14
@time:9.836
@trys:1000010
@seed:97875523
@dps-begin:
12066,3894
21092,14187
7846,14185
22379,8702
20837,14971
23673,9343
10869,14458
5353,19502
25015,1116
23569,8937
@dps-end:
@rep:15
@time:8.942
@trys:1000010
@seed:96763291
@dps-begin:
23219,10717
1928,1966
1257,24142
17068,7886
1568,22371,1294
17948,19772
8758,20271
3128,22552,9437
5840,3011,3364
8128,16800,18201
@dps-end:
@rep:16
@time:8.77
@trys:1000010
@seed:95808337
@dps-begin:
12066,12029
1316,16120
9941,8456
5376,3089
7776,4517,246
13911,20025,11628
19476,24308,4425
6433,5890,16379
7410,10967,2300
9138,19843,15421
@dps-end:
@rep:17
@time:8.771
@trys:1000010
@seed:94847387
@dps-begin:
8571,15165
14256,17856
16594,5261
20279,12970
11492,4527
10996,1549
12066,13513
23751,16895
8965,4310
24889,3743
@dps-end:
@rep:18
@time:8.784
@trys:1000010
@seed:87552823
@dps-begin:
22053,613
17460,14870
19293,5022
12066,6699
1493,19946
611,10054,1628
16753,4566,9757
7776,24626,13476
16672,15718,9740
8166,3994,2300
@dps-end:
@rep:19
@time:8.959
@trys:1000010
@seed:86842271
@dps-begin:
13571,17549
5280,22856
17734,20271
22122,16895
12066,24236
23188,7081
1460,4950,16470
19907,4459
7049,15417,7019
20596,22029,19022
@dps-end:
@rep:20
@time:8.986
@trys:1000010
@seed:80650457
@dps-begin:
21895,16857
23483,4943
16245,20280
5492,791
17073,14971
12066,24126
11977,1018,6637
4741,15976
11465,14906
4247,3519
@dps-end:
@rep:21
@time:8.853
@trys:1000010
@seed:78220001
@dps-begin:
23252,10886
17187,24303
3991,18415
20210,715
15664,6357
12066,16552
12066,8957
17861,19215
21336,21772
23219,8365,10093
@dps-end:
@rep:22
@time:8.813
@trys:1000010
@seed:74585729
@dps-begin:
5280,19215
1931,7772
22569,14971
9093,17734
12808,3276
3222,11784
7906,18856,604
23313,18275
14229,6199,6158
8932,2729,4767
@dps-end:
@rep:23
@time:8.687
@trys:1000010
@seed:73852469
@dps-begin:
12066,9023
1568,18508
3658,14971
4742,18123
14458,14942
12421,6760
2130,12381
12740,17214,1615
16659,9941,317
17104,1526,2653
@dps-end:
@rep:24
@time:9.152
@trys:1000010
@seed:68750849
@dps-begin:
3991,21290
17250,1615
24919,11631
19858,1460
8498,20035,1535
15993,24889
7075,17883,24331
672,22321
1606,12152
18131,11908,11066
@dps-end:
@rep:25
@time:8.787
@trys:1000010
@seed:58160551
@dps-begin:
12066,10717
10386,5354
24325,4158
10481,4755
12066,23124
15107,5382
6513,5236
11749,5445,24569
971,5887
22531,8323,14963
@dps-end:
@rep:26
@time:8.724
@trys:1000010
@seed:45320477
@dps-begin:
24595,6204
21021,2862
23349,14662
13382,15342
2698,14670
24520,8571
9824,23729,382
11290,4335,24591
4938,11212,24303
13414,10491,14892
@dps-end:
@rep:27
@time:9.004
@trys:1000010
@seed:31913771
@dps-begin:
24889,12043
18653,5293
24308,8422
10996,10886
23329,7869
14458,25246
12577,1851
15366,4559
14723,11736,22364
20131,5291,6925
@dps-end:
@rep:28
@time:8.826
@trys:1000010
@seed:24096223
@dps-begin:
24710,24255
391,22856
9683,18696
6821,10679
12252,13022
15976,8223
20036,7544,20505
14081,22600
23042,19260
14774,14858
@dps-end:
@rep:29
@time:8.866
@trys:1000010
@seed:16980937
@dps-begin:
3991,5278
20802,22517
1323,21388
14187,18556
16659,14696
20259,10996
6504,24303
17219,6307,4520
11416,13309
7008,12181
@dps-end:
@rep:30
@time:8.724
@trys:1000010
@seed:8261369
@dps-begin:
12451,8617
24002,22552
20880,11450,1323
25249,5794,15048
1299,10379,9900
24710,143
5025,10886,2669
10033,12066,17355
1024,20674,22053
1204,18552,22089
@dps-end:
