@rep:1
@time:68.686
@trys:4041400
@seed:179424673
@dps-begin:
7748,19918,23638,7839,307
3201,24488,20459,17520,14132,20597,11962
3364,16966,6792,2440,22507,19224,12730
9865,19660,6358,16482,10859,20339
17285,202,19029,611,22247,2286,3635,12342
13780,2663,18920,497,1918
3300,5478,9031,23688,20428,9553,14685
10051,20931,8328,3407,7376,15344,2614,6335
16866,772,5382,17544,6775,3800,10520,3738
9857,14815,675,7908,2340,8571
@dps-end:
@rep:2
@time:68.592
@trys:4041400
@seed:125164703
@dps-begin:
23943,12645
22637,2997,8314,4507,1887
12940,6542,11856,13402,18604,24301
22528,6789,23761,8209,13919,864,5859,20339
20227,8521,22345,24857,18012,8926,106,4586,10998,5814,24184,7675,10237
21383,5323,2062,17232,7249,15396,5605,4712,10801,17907,24886,16057
7361,9190,6183,4168,12424,13964,15503,24880,8765,1855
25068,17199,17711,24880,2480,17716
202,13718,5404,13918,16992,25128,19694,18926
13856,16449,16993,6981,4143,25244
@dps-end:
@rep:3
@time:68.517
@trys:4041400
@seed:132011827
@dps-begin:
8451,11149,20390,19694
11850,5212,9897,14966
16323,14155,11403,20877,13330,22764,3443,1789
19989,3542,8280,3427,15280,14207
23688,16329,2448,3371
21955,13507,4873,17993,24920,23522,6254,22257,24120
13824,3087,210,25190,13036,247
202,22030,22934,20759,18136,9241,5787,11356,18088,2729,10989,16319
10243,711,24657,19858,20893,23903,22885,21937
2565,24077,3279,23069,12576,22305,8549,9963,15344,12914
@dps-end:
@rep:4
@time:68.233
@trys:4041400
@seed:124987441
@dps-begin:
19600,9746,24732,11311
17382,7755,11055,1807
24084,22306,12517,23661
14849,7106,11033,411,13279,32,19754,12653,21239,5114
8973,13521,18065,8082,7314,7642,11624,13995,18157
487,21415,4553,5517,910,3738,10778,8059,12444,3197,2815
11906,21221,16423,23271,7047,10601,22484,4983,13086,17534
16320,24517,19015,17166,21267,14807,19736,17625,3609
2532,19493,13766,15718,10763,12558,13491,9434
20613,19533,10130,23380,21752
@dps-end:
@rep:5
@time:67.992
@trys:4041400
@seed:123979721
@dps-begin:
969,20047,2974,15344,19506,5118
25043,21914,20831
11084,1806,16286,23658,13237
22528,21206,20566,3738,23208,21608,20012,18170,19326
1029,10763,3051,24912
13350,14897,10420,6581,4505,24027,13852,12765
18883,12108,23055,13147,7265,3427,16036,1253,13558
24837,21031,3113,24977,4247,8639
4550,8153,18145,18287,4273,3260
5128,14550
@dps-end:
@rep:6
@time:68.465
@trys:4041400
@seed:119777719
@dps-begin:
4359,11296,16880,20339
20929,14735,17,16600,8026,7003
15681,10738,16631,18936,5816
21701,12180,24419,16035,13692
16454,10516,21929,15797,24440,17083
1353,210,19173,118
20129,1956,21159,4298,6575,24753,10420,22104
18822,13128,9570,24742,10858
16449,22982,7880,20181
16323,10568,17547,2320,18195,6105,19034,17190,17767,20392,14448,20404,17017
@dps-end:
@rep:7
@time:69.035
@trys:4041400
@seed:117705823
@dps-begin:
4560,24145,21916,5295,688,21937,6199
16514,20227,21401,3995,12194,21543,3893,24311
23105,18388,17368,11674,2657,18415,1583,22964,501,6457,3837
20227,11879,21065,22282,20010,8341,10006
6183,20170,9227,24141,9198,15344,18898,8309,17142,23801,12025,3676
20097,1030,4551,21588,2418,16760
5330,24482,2151,15149,11637
25090,17194,14475,23252,17815
12034,3651,23108,753,24565,10235
19351,23139
@dps-end:
@rep:8
@time:69.291
@trys:4041400
@seed:112131119
@dps-begin:
20480,23688,10572,14862,8362,12539
15384,17625,2524,21350,5046
4359,17864,13195,6671,5271,19806,8356,12778,7030
18920,12328,8681,5292,22863,9684,7732,12503,20887,11160,2233
20672,19395,18388,15126,24800,15970,12067,9193,241
6720,17731,21350,2313,3404,23661,21360
2437,19464,9228,12629,21914
849,18066,246,4728,13178,1498,18493
3910,9102,3024,3738,18986,24623,19508,13748,22074,12602,13819,15357
22870,15644,21163,16173,11761,15615
@dps-end:
@rep:9
@time:68.903
@trys:4041400
@seed:108626351
@dps-begin:
6791,3340,23886,5018,20958,13279,18218,8753
19080,8795,15658,13418,20597
16137,23658,6604,24624,1781,14201,10045
17928,11154,19416,24345,17965,15220,23093
21570,24067,13989,5738,10420,11707
15458,2408,19445,11382,20794,6206
11744,16483,4362,7918,20597
10057,19342,1248,21221,298
8840,1993,21133,3812,13158,13293,10870
14869,4886,5985,22706,17594
@dps-end:
@rep:10
@time:69.995
@trys:4041400
@seed:107980007
@dps-begin:
18919,3633,5333
577,619,111,9342
23688,11368,14836,14301,15711
20492,9433,7329,5794,18922,9451,7537,10553
7110,10511,17183,18920,21996,24045
13696,23818,7585,1642,24563,21684,19445,184,5114
11904,16577,8288,16744,23661,1326,18479
11842,13128,18443,14482,17830,7804
2180,1030,16270,7137,8174,6138
16424,3576
@dps-end:
@rep:11
@time:68.444
@trys:4041400
@seed:106368047
@dps-begin:
3840,6100,11483,14507,7097
7302,17931,19694,11707
22850,3812,7045,4426,19935
18314,9811,24725,3942
6603,7831,3161,3035,12643,18345,15220,11519
16449,9575,16648,3530,9905,7666,11859
3522,6978,5767,24135,10706,17180,18153,10730,1262,24560
8896,16042,21994,24875,1132,19694,10355
20227,9317,23495,10795,13982
21345,23173,8742,23381,5271,5593,16158
@dps-end:
@rep:12
@time:68.593
@trys:4041400
@seed:99187427
@dps-begin:
15876,4365,20382
18788,17994,22190,24728,10970
9632,18157,12143,21937,22611,16627,9652,6206
18756,23890,3990,23000,20313,12903,11499,10801,11572,18878
16152,22939,18922,21165,18865,13560
4801,1991,12201,23658,11275,12399,22807,24986,19739
21190,18196,10198,12823,21598,18920,16424,14001
10774,2457,16220,24349,25009,1400,442
15813,22539,19955,24247,22074,6429
3238,12588,1165,23661,23794,6357,21752,23769,18906
@dps-end:
@rep:13
@time:68.753
@trys:4041400
@seed:98976029
@dps-begin:
10723,8872,24968,4822,11895
16449,7645,8567
8132,15374,13533,16104,1002,25066,21937,7549,20991
24784,21273,864,11685,8051,7605,21366,4413
18850,112,14226,16279,13402,24282,22205
21323,18963,12951,11681,19173,14508,9326,20468,9461,18423
16640,12769,5319,13128,20840,2347,21515,16530,4339,6327,23964,7452
12098,23502,849,16217,6127,498,5299
2946,3206,12752,19667,18585,2140,7645,13472,2286,17968,3314
19972,21701,17035,9036,5070,13521,5282,23592,21482,4458,24880,1968,20785,6586
@dps-end:
@rep:14
@time:67.877
@trys:4041400
@seed:97875523
@dps-begin:
12225,16997,6538,13868,17005,23534,10128,20597,3802
5632,13128,11917,18255,16145,20055,2594,18157,24374
11012,22350,10970,3249,15860
14027,4260,17655,17977,10171,9532,2879
12996,5648,402,11798
11405,15517
2498,8519,15149,6224,14367
9152,2498,4421,17288,3615,994,24615,5674,5876
7441,18898,17625,17375,13539,23910,8359,18476,812,1773
24609,20227,20197,12870,10803,2263,3416,6585,2621
@dps-end:
@rep:15
@time:68.09
@trys:4041400
@seed:96763291
@dps-begin:
22023,15688,12951,24727,6509
12066,13336,21914
17856,18568,1674,18124,4342,16184,17625,19805
11660,8031,12512,24880,12723
15942,7302,16146,12951,19608,1823,4579,17006,8575
2498,12995,24905,6174,3488,16226,12586,11060,7295
16323,11272,16616,5196,18668,17004,6228,11031,19288,16284
13826,17224,16346,7264,25004,9649
21990,1482,3738,16090
5701,21062,5128,12499,4974,8823,2558
@dps-end:
@rep:16
@time:67.781
@trys:4041400
@seed:95808337
@dps-begin:
16393,20653,2739
8578,9879,10017,24111,13307
15344,13264,4126
1119,25203
19608,14450,12661,13307,8573
6803,7133,18920,2677,13750,19126
5120,466,24289,12450,18786,16234,3513
2369,2193,17239,12378,17306
2436,17542,9419,12109,8083,10970,19554,22437,4147,5567
22080,10178,13841,4631,21276,18922,9898,7155,24629
@dps-end:
@rep:17
@time:68.275
@trys:4041400
@seed:94847387
@dps-begin:
23657,11575,15103
21737,18033,1588,17530
14925,7128,17625,11945
11584,7873,18697,9039,18332,3812,36,9916,24510,13823
3687,24012,21914,9018
13571,24196,15014,19884,2193,12659,14325,12951,19161,3129,16700,23423
13824,20227,13070,2257,21660,14435,12201,24507
9569,10989,6831,5592,6105,18045
3028,12951,17244,23006,13599,20768,1063,23021,19376,24945
12807,12236,22309,23718,18157,16506
@dps-end:
@rep:18
@time:68.118
@trys:4041400
@seed:87552823
@dps-begin:
18868,6900,13973,7287
16449,9349,23721,5579,6865,10548,24574
9763,17032,12270,15933
10763,7712,8807,19639
14021,3609,23661,21115,12733
12738,16215,864,19107,17956,19694,6069
11346,5587,21595,8285,5537,24930,2286,687,17975,21501
43,18157,5229,911,12210,6068,17365
10706,13205,6103,8343,15344,15668,10612,21046
20423,18089,18001,15220,1336
@dps-end:
@rep:19
@time:67.924
@trys:4041400
@seed:86842271
@dps-begin:
2496,1414,5223,19276,6799,18066
11202,10893,15506,15829,24607,24096,1443,21548,10860,6254
5925,8614,8140,20401,5620,19287,2841,20347,23647
10150,13512,6057,20077,17625
22337,19844,19022,11356,1451,17966,17006,17519
20613,11208,24715,12951,20707,20334,7985,694,10430
23658,14606,21840,6970,10012,1694
24514,16922,21221,20660,20151,9084
21704,15565,11990,22619,22364,4578,18723,3812,292,12657,7478,13500,7231
2498,10311,19348,4316,18460,20012,12733
@dps-end:
@rep:20
@time:68.255
@trys:4041400
@seed:80650457
@dps-begin:
13984,23545,16506
9602,16324,6130,19445,2008
16323,10575,13650,468,745,16188
24097,1795,17957,5637,22215,9,19082,334,17551,10457,10970
20362,8907,19380,12951,1624,20952
5765,23621,6662,11399,5203,15707,8159,21088,8480,25249,3812,9572
23875,24668,21410,21794,6693,1400,18745
6594,13069,24915,90,24489,7466,4720,12154
16323,20621,11085,3598,9875,3551,11365,4204,3954,21755
2246,19020,15321,12250,15198,18427
@dps-end:
@rep:21
@time:68.722
@trys:4041400
@seed:78220001
@dps-begin:
8140,10706,12403,16697
14595,14665,20297,16653,23258,16612,13221,22503,20597,20923
22085,23504,1512,18617,19069
12995,9411,13787,9134
4098,7717,21162,1165,16313,7580,7165
3942,23047,4365,20077,9809,6674,21174,6329,6590
11590,17039,1689,7717,691,3639,24893
20491,1051,24667,7647,23520,20514,8739,7917,5741,6254,24691
21217,1607,10347,10420,6263,11672,7804
5634,10573,21965,20176,8081,5470,13279
@dps-end:
@rep:22
@time:68.479
@trys:4041400
@seed:74585729
@dps-begin:
4104,22922,14965,223
7373,11149,3427,6570,1270
8865,24708,8108,14638
7050,8545,22756,24557
4365,20303,23193,1885,1633,6051,4845
9287,23688,7506,20436,5785,21610,12543,19839
22340,8520,4947,18388,7774,24935,22695,4522,19062
25154,10885,9226,993,7019,19445
20033,1437,12386,20907,23986
14534,4055,24867,18920,20145
@dps-end:
@rep:23
@time:68.402
@trys:4041400
@seed:73852469
@dps-begin:
10757,4371,990,104,5032,9649
8419,12358,21227,19694,6459
21221,1318,1606,23431,13969,21139,24565,1813
2307,21064,16778,13069,2072,8106,5100,11635,6516
388,4757,16539,4381,13282,9258,19694,10479
24961,12931,23460,21221,10768,22288,6642,3059,15379,24919,2363,11708,4510
14021,21257,13738,2317,8118,5271
8320,12160,1859,19403,655,5329,2969,13279
869,5000,2154,22254,22898,20339,8286
24020,17629,10079,2286,558,9390,639
@dps-end:
@rep:24
@time:70.177
@trys:4041400
@seed:68750849
@dps-begin:
5721,5475,21564
15339,10319,17104,4951
16449,1284,14596,17001,11645,5503
135,24080,14612,119,18360,8829
20929,7553,22984,8399,10451,5206
7168,16523,1437,22269
6626,8227,13189,5361,20757,12951,15933
18388,24162,15011,295,16943
20236,25044,736,3427,4329,23415
8482,19375,7922,17371,21211
@dps-end:
@rep:25
@time:69.707
@trys:4041400
@seed:58160551
@dps-begin:
23688,9809,13294,18353
12098,19924,23638,10160,20339
1792,7171,3872,1709,1464
15427,20754,23444,17636,6507,14068,19768
6156,3089,18221,19187,11637,13493
2818,7717,2064,596,25205,14198
13507,16971,11220,9372
8257,3841,10183,12951,23148,21615,15670
16323,9862,13260,2410,16952,9339,1149
35,2790,20937,24489,4046,8401,12951,4920,5147,4798
@dps-end:
@rep:26
@time:68.249
@trys:4041400
@seed:45320477
@dps-begin:
13120,13159,9959,5128,5225,3663
6792,12179,3734,13402,19615
12745,23308,13914,2849,17776,19380
15062,8542,5346,6254,6517,9589,23865
21259,11084,21710,7189,3222,21726,9122,21221,24489,23599,11060
1922,11140,3975,7050,138,23506,18388,20124,2655,4904,19503,9523,19327,22847
2498,10567,23630,21012,16987,3294,22119,6000,10045
16260,7367,23658,19184,12281
19495,12394,15341,17773,13103
22473,13450,15634,997,22697,20597,9141
@dps-end:
@rep:27
@time:68.427
@trys:4041400
@seed:31913771
@dps-begin:
21697,6854,23048,921,18157,15030
12,19412,13978,5673,9525,21366,7737,21055
24451,15186,10004,12951,7000,20916,8506
2432,19344,13078,17775,1400
22436,20466,11828,21366,9622,7321
17033,4365,22291,18016,5546,23600,23925,11192,316
13392,16658,8606,13282,17764,22458,8124
7004,9122,21869,21937,3766,17468,255
24128,12128,20227,21064,8783,24825
5128,9557,1306,23580,1437,4510,4580,21748,17653,1079,16249,829
@dps-end:
@rep:28
@time:68.072
@trys:4041400
@seed:24096223
@dps-begin:
14656,10227,18998,15550
1888,6254,3311,20090,23451,2207
13953,17134,10420,1212
11850,10186,18764,9781,8571,21309
15762,7901,17764,6577,21113,20601,19199
19905,15713,7202,582,19240,24459,23436,849,946,5940,20949,9818
7814,6824,18323,4852,4566,7641,17371,8575
17024,18855,6254,9425,8691,12727,5688,8921,6106,20028
12394,10675,9588,15449
21326,17626,17180,22813,19999,19042,8296,10089,12780,24757,8695
@dps-end:
@rep:29
@time:68.23
@trys:4041400
@seed:16980937
@dps-begin:
3140,13197,4367,21366,22974
4226,12879,9649,3256,2813
21475,21828,8718,18940,14109,831
22104,13402,225,11748,12912,7228
13184,16323,2056,18509,24149,24684,18940
15565,5523,11990,7773,6430,17642,2286,497
17025,2888,4242,19347,13467,5931,20334,9649
9344,10436,23944,22539,4051,535,17981
9991,4365,14415,11353,11871,8352,21301,20158
20833,24642,9545,2220,23599,10420,1846,6073,21914,13151
@dps-end:
@rep:30
@time:67.413
@trys:4041400
@seed:8261369
@dps-begin:
17547,22859,11237,23016,13814
24258,2393,11356,21491
19970,7365,150
7207,18922,12780,18166
8083,17365,14421,986,539,16486,23661,2670,8562,3379,9332,3069
21834,22539,13003,9044,7897,14306,14823,4204,15088,14774,25082,23036,18622
10305,15950,4948,13470,7717,9592
6277,18388,11996,17766,16234,20907,14128
20872,12387,16425,22827,18860,6254,16506
3841,23661,11151,23924,8733
@dps-end:
