@rep:1
@time:2.844
@trys:441400
@seed:179424673
@dps-begin:
3538,228,1685
503,3530
3346,2213
2625,1761,3538,3762,2364
64,2571,2525,2718
933,2856
98,3545,3337,3481
3984,896
2592,3827,1398
887,2217,2652
@dps-end:
@rep:2
@time:2.716
@trys:441400
@seed:125164703
@dps-begin:
2856,3932
729,2937,779
851,102,3807
2209,2220,445
1955,413
1968,1047,729
2372,375,1511
100,2247,2650
1613,2397
2738,2133,1197
@dps-end:
@rep:3
@time:2.628
@trys:441400
@seed:132011827
@dps-begin:
802,828
280,890,1260
1168,1674,202,301
3817,3917
2260,3197
2808,1688,2636
3126,1654,984,90,2942
82,325,110
2050,1862,1544,2027,445
883,1717,828
@dps-end:
@rep:4
@time:2.651
@trys:441400
@seed:124987441
@dps-begin:
550,2714
628,1464,3295
176,2338,2679,3639,1497,3791
1648,226,694
197,663,3500
1879,3195,3163
1462,1162,1898,1741,494
3861,3932,397,3437
540,2572
2227,1528
@dps-end:
@rep:5
@time:2.569
@trys:441400
@seed:123979721
@dps-begin:
248,2059,398
64,723,1976
1623,1214
3440,2082,114,166,3276
1861,1944,2079
378,2443,1134
3618,839,3197
3341,942
1267,613,28
1976,3464,3375
@dps-end:
@rep:6
@time:2.67
@trys:441400
@seed:119777719
@dps-begin:
3984,3799,2125
2027,1613
1623,424
2082,3955
3266,435,3946
1028,1820
2304,2816,3422
2389,2325,909
3570,633,638
2896,2647,1262
@dps-end:
@rep:7
@time:2.625
@trys:441400
@seed:117705823
@dps-begin:
1570,1958,2502,3722
2082,2260,588
2281,921
3344,1249,434
1141
2625,1267,213,549,1854
1236,1045,3624,1837,2911
1136,343,2125
3882,1324
177,3491,3782,488
@dps-end:
@rep:8
@time:2.632
@trys:441400
@seed:112131119
@dps-begin:
488,398
2448,1258,1967
3984,3266
3056,946,905
441,2506
2002,3768,751
3163
2705,2123
1410,51,550
2982,2743,3049
@dps-end:
@rep:9
@time:2.607
@trys:441400
@seed:108626351
@dps-begin:
3926,3258
3218,2295,1770,3789,3743
1814,2891,828,2510
1061,182,2840,540
1143,1863,2440
618,1407
1872,1575,1499,1871
1508,1177,3596,2493
1700,1477,2438
3136,304,2928,1877,631,891
@dps-end:
@rep:10
@time:2.606
@trys:441400
@seed:107980007
@dps-begin:
3443,984,383
1147,3067
1921,2118,391
1745,3764,1141
2784,1571,3163,524
3041,3590,2392,3514
2035,730,1195,1740
2405,488,2718
2149,1734,3276
1927,958
@dps-end:
@rep:11
@time:2.611
@trys:441400
@seed:106368047
@dps-begin:
544,461
1032,169
2082,842,3532
2214,1099,397
3538,1122,355,2453
2609,3538
373,3464,155
1010,2875
3440,3676
3456,2611,1430,2639
@dps-end:
@rep:12
@time:2.692
@trys:441400
@seed:99187427
@dps-begin:
2731,1932
579,500,1037
2513,767,2799
353,1394,1322
3268,2101,1279,1487
1394,2044,1983
2965,378,2444
434,3972,408,3848,478
3570,1613
668,3133
@dps-end:
@rep:13
@time:2.648
@trys:441400
@seed:98976029
@dps-begin:
497,3028
878,1582
1154,3911,3802
3968,2295
2082,851,1871
3541,3912,3513
3542
2002,956
1074,2235
965,9,2554
@dps-end:
@rep:14
@time:2.627
@trys:441400
@seed:97875523
@dps-begin:
865,1927
2754,3268
688,2672
2064,1674,2875
211,2246,2471
1291,3295
2816,2820,2117
1462,3672,1166
472,3133,734
181,392,716
@dps-end:
@rep:15
@time:2.643
@trys:441400
@seed:96763291
@dps-begin:
2082,1122,3813
513,3914
3412,2251
902,2409,619,2844
3842,3459,375
3122,3283,3002
3748,2133
528,3747,1321
3595,911
515,2278,1915
@dps-end:
@rep:16
@time:2.698
@trys:441400
@seed:95808337
@dps-begin:
503,2958
2118,3449,3099
2650,1372,445
1120,1334,3782,2954
1916,1180
1720,905,1740
3733,3989
2642,3341,191
3940,2103,1320
3365,3019,2844,3534
@dps-end:
@rep:17
@time:2.597
@trys:441400
@seed:94847387
@dps-begin:
933,3246,959
2564,2213,2650
532,1927
161,1141,1198
933,1255,3211,1118
3840,1700,1782,280
1936,274,2066
1664,3554
1792,1242,1484,3612
2417,239
@dps-end:
@rep:18
@time:2.623
@trys:441400
@seed:87552823
@dps-begin:
1073,2865
3988,119,2615,1640
0,2161,2627,2989,622,2911
2342,3974,2126
3394,3321,62
245,650,2843
161,929,355,1939,1096,2655
484,375,3295
1558,1528
273,3781,2201
@dps-end:
@rep:19
@time:2.585
@trys:441400
@seed:86842271
@dps-begin:
2743,1657
1025,2436,315,685,1901,559
1249,3426,3542,1418,1627,1455
211,549,3545,861
1958,1768
1028,2500,2650
1827,2619,3516
3377,2466,1477
2759,3658,1645
2709,1454,3406
@dps-end:
@rep:20
@time:2.573
@trys:441400
@seed:80650457
@dps-begin:
273,2047
1171,3491,1355,796
935,3357
340,3287,3917
3905,748,3341,2558
273,3668
2690,790
2448,2826,2076,1182,3438
184,2889,796
2963,2508
@dps-end:
@rep:21
@time:2.573
@trys:441400
@seed:78220001
@dps-begin:
1994,1642
512,7,3465,3341
2183,2664,472,1114,2862,2047
1616,602,2667
1141,2248,3917
1808,1074
16,1648,323
1161,2921,622
2070,3974,185,1052
3846,2170
@dps-end:
@rep:22
@time:2.568
@trys:441400
@seed:74585729
@dps-begin:
1154,3797,28
2694,905,1086
2676,1366,2975
3684,2887
298,1484,301
3303,1756,781,3903
945,2530,1404
1025
3459,1671
2420,3604,3484
@dps-end:
@rep:23
@time:2.586
@trys:441400
@seed:73852469
@dps-begin:
336,3568,919
3264,2675,3992,2649,893
128,21,3546,3647
1558,2070
544,960
3968,229,1658
1141
2096,3443
1096,828
1440,1394,1162,91
@dps-end:
@rep:24
@time:2.588
@trys:441400
@seed:68750849
@dps-begin:
3363,488
1537,441
560,1366,214
2853,3334,239
1004,2334
981,2760,1756
1141
52,2886,2525
3984,3538,779,2623
648,1034
@dps-end:
@rep:25
@time:2.591
@trys:441400
@seed:58160551
@dps-begin:
3170,397
1990,811,3839
3476,213,3295,2655
1009,675,1557
560,130,1058,3722
1730,2082,1589,2167,87
3968,3799,397,3230
1610,1692,781
2737,226,3346,1078,349
1076,122,3338
@dps-end:
@rep:26
@time:2.706
@trys:441400
@seed:45320477
@dps-begin:
64,497,2803,2519
3314,3720
400,3028,2392
560,1002,1738,2844
1025,209,3737,3946
2370,3235,239
3795,2375,1563,1342
1060,3163
3828,1782
1046,2535,1993,2140,1902
@dps-end:
@rep:27
@time:2.598
@trys:441400
@seed:31913771
@dps-begin:
962,2568
2082,3199
2647,922
1875,2519,1258
2082
1923,2329,2650
165,2120
3745,2824
912,2002,3404
1648,1716,1477,1916
@dps-end:
@rep:28
@time:2.593
@trys:441400
@seed:24096223
@dps-begin:
3412,1336
3491,3363,28,2989
3296,2530
2498,3556,796
1028,564
832,2515,3091,1210
503,3932,172,3871
7,1528,2604
704,2650
2553,3691,719
@dps-end:
@rep:29
@time:2.546
@trys:441400
@seed:16980937
@dps-begin:
984,1564
915,2372
2853,3926
1203,76,527
1361,3627,3230
1624,1274,1357
192,610,617,2490,3676
1120,3538,3379,406,827
427,796
3876,1588,1607,126
@dps-end:
@rep:30
@time:2.557
@trys:441400
@seed:8261369
@dps-begin:
2820,1593
947,3739
1253,1605,3926
1730,1396
1474,488,28
3846,1115,861
325,885,2237
2754,441,1449
1654,3832
3314,2711
@dps-end:
