@rep:1
@time:85.985
@trys:2061400
@seed:179424673
@dps-begin:
11126,23830,13337,25279
36353,34011,24927,42127
534,6616,3914,14908,5007
41702,8281,43977,25579
10176,3139,7939,5670
10436,16901,16518,17880
8193,25476,12085,30742,26735
4649,34154,9548,23086
12976,31640,39003,11005,5359
29698,26213,19929,30381,19390
@dps-end:
@rep:2
@time:85.568
@trys:2061400
@seed:125164703
@dps-begin:
8312,2232,42857,35838
19251,16965,8907,22383
24114,25044,25112,23881,32955
37168,4839,16122,42555
11042,16850,2244,44556,33727
41411,40228,13238,4919
38662,1164,24364,31966
20673,24739,35928,12507
13536,34608,534,19213
32209,36466,17349,17819,398
@dps-end:
@rep:3
@time:85.327
@trys:2061400
@seed:132011827
@dps-begin:
8968,20457,22635,35295
3941,31302,23791,29599
23301,35095,8089,938
17616,43333,15688,13945,17594
3300,37880,23242,44030
35570,12822,42073,32478
10512,41760,14906,28620
5586,13589,27179,32283
44016,44544,26245,29482,28126,33039
35,2676,19944,43612,34351
@dps-end:
@rep:4
@time:85.996
@trys:2061400
@seed:124987441
@dps-begin:
26256,9941,39078,24312
9888,23847,34779,8094
8912,42435,34053,5753
22065,26852,3910,14889,37594
41056,25489,35266,7205,32101,3759
24785,21379,4167,8522
13012,13468,333,40239
11024,6387,14569,667,6700
16582,10566,42311,925
10970,34655,4159,8127
@dps-end:
@rep:5
@time:85.371
@trys:2061400
@seed:123979721
@dps-begin:
37171,27015,16122,1275,16380
18528,16035,42185,8589,21389
37700,18967,8359,34543
18340,8777,14378,26571
44168,41290,4013
27220,9830,26710,14696,22207
23299,33659,44365,11741
23680,15765,24315,31342
34800,10210,14836,4534
40019,44147,41401,8618,5484
@dps-end:
@rep:6
@time:85.521
@trys:2061400
@seed:119777719
@dps-begin:
11314,34870,35239,23272,32555
8672,13761,1938,14485
2869,7878,43434,17278
5840,10144,4592,3307
9495,1095,21738,1087,8783
20699,4571,20044,3677
37728,850,12761,24495
4080,34512,39142,34760,9759
24786,26587,29325,41694,17679
8713,23274,32620,40221
@dps-end:
@rep:7
@time:85.729
@trys:2061400
@seed:117705823
@dps-begin:
8672,9170,2261,17927,1327
10944,31046,38426,2861
35222,14153,18747
33747,3605,3898,7150
25681,42100,328,18585,2830
25521,7281,25580,32206
36803,13238,15959,28775,30393
19890,43721,36923,19070
42100,5157,42633,23450,37050
4745,16796,32381,37262
@dps-end:
@rep:8
@time:85.707
@trys:2061400
@seed:112131119
@dps-begin:
339,40133,44554,6191
12888,31228,17340
1857,36194,38629,27337
29072,23234,34487,37913,41773
23537,34276,17269,597
27747,36745,8665,32239
34917,8293,28901,12037,14807
15121,32609,16535,380,31788
6146,41380,19494,30319
36736,676,9387,41436
@dps-end:
@rep:9
@time:85.035
@trys:2061400
@seed:108626351
@dps-begin:
14164,1414,22665
43508,22423,7112,26826
42720,3523,5930,26956,10572
37153,43333,30316,26685
30706,38404,41686,25039
9413,35386,27485,27694
4243,26023,43417,17867
43622,25098,23278,12975
416,35266,4951,27784,23164
10774,17671,21705,11981
@dps-end:
@rep:10
@time:86.073
@trys:2061400
@seed:107980007
@dps-begin:
8967,44492,12253
25140,41127,42957
28832,39702,42425,17466,26876
21815,5624,8009,24127
36736,9651,11671,15799,29387
18048,20497,19346,14335
6673,26484,35767,12989
22401,27733,28873,32830
27220,11659,42252,35501,991
35234,35061,7383,43161,39022
@dps-end:
@rep:11
@time:85.448
@trys:2061400
@seed:106368047
@dps-begin:
704,25937,7459
14945,38883,30547,25691,8623
43152,36119,27052,27373
34642,27267,31044,12139,37951
29635,29384,29960,10219,5500
7568,34598,15174,7640
18657,17750,2199,25949,20175
41522,21782,22347,32190
19042,41331,5881,9324
32225,26618,15147,41452,43487
@dps-end:
@rep:12
@time:85.394
@trys:2061400
@seed:99187427
@dps-begin:
10336,7137,18585,27660
16961,390,9086
33136,8728,29769,1849,35467
37888,18423,16119,8651
3337,9418,44028,12559
36640,25028,34652,38815
36963,31206,43417,38798,26334
32874,30715,34012,7837
2502,6919,28633,38139
6500,36180,21974,38647
@dps-end:
@rep:13
@time:85.01
@trys:2061400
@seed:98976029
@dps-begin:
34305,9495,28924
5781,17609,23738,23278
14903,42,41818,23309,5662
18003,13700,30187,20701
3426,42981,21047,28522,9710
6371,35802,22925,32861
35058,3736,17133,782
24096,23738,2683,15437
4690,30759,2265,38478,6095
29426,10994,6117,9030
@dps-end:
@rep:14
@time:85.103
@trys:2061400
@seed:97875523
@dps-begin:
36801,23234,36882,10067,19668
27520,6368,7425,11559
640,17779,10853,37994,11228
8437,20453,41191,9559,33306
19136,38002,41957,38571
200,44298,41915,41788
4387,2329,13501,1295
17249,1137,1028,19420
30805,41465,8957,34957
25269,13365,5113,13963,764
@dps-end:
@rep:15
@time:86.553
@trys:2061400
@seed:96763291
@dps-begin:
4400,7875,3622,11869
5860,25081,29659,11772
2417,40166,42440,18314,14654
32085,15670,40094,11327
35650,43641,41613,10142
3555,26168,5640,38507,9022
36035,4819,13939,5699,8568,13451,28316
24290,19109,13974,19115
22128,26819,22006,16858,26732
21186,11204,11528,35006,41359,33023
@dps-end:
@rep:16
@time:84.955
@trys:2061400
@seed:95808337
@dps-begin:
2929,41123,42726,21099
33475,4627,16239,13151
39425,23676,14973,1774
5488,17637,12743,11802
16160,21876,34443,39950
12183,41900,25901,12989,21327
26103,21964,41580,27647
35072,16294,17911,42539
28436,29813,35833,42830,10271
27621,3546,3151,991
@dps-end:
@rep:17
@time:84.988
@trys:2061400
@seed:94847387
@dps-begin:
35922,21686,39272,2926,7327
22176,42915,14454,2618
36561,37906,9876,13048,12829
8465,23077,37976,4287
16850,17379,21894,6151,24456
13447,23611,8429,15167
8752,258,12153,39769,23919
28738,9018,11389,13278
41792,16899,5800,5946
28384,28418,31604,12829,42799
@dps-end:
@rep:18
@time:85.515
@trys:2061400
@seed:87552823
@dps-begin:
3314,43431,24651,16476
26097,36850,21220
37888,22264,36793,20734
18921,6505,17451,15421
3924,1785,5884,33949
38371,15171,15189,12329,3850
27058,210,4789,2396
16754,6772,23844,9606,17199
29625,28587,22075,20575
25540,37493,39131,2222,24943
@dps-end:
@rep:19
@time:85.277
@trys:2061400
@seed:86842271
@dps-begin:
18793,43643,32413
34768,37844,18793,7071
33913,22411,29420,35596
2050,12500,14985,31117,36317
5881,3994,2763,44525
36213,9959,6473,41357
44032,13441,5012,34649,8666
26514,14931,38602,31725
10978,42100,1295
20256,2673,27681,10886
@dps-end:
@rep:20
@time:84.674
@trys:2061400
@seed:80650457
@dps-begin:
4704,584,5290,4554,28747
40326,23565,782,8303
6624,41104,13480,25368
37057,27189,24679,26764
11520,8312,3931,17757
16369,9681,34579,6293,38807
34387,6920,36380,12063,33023
31234,21160,6696,16411
25940,22935,22473,33998
1874,33275,38460,830,4046
@dps-end:
@rep:21
@time:85.889
@trys:2061400
@seed:78220001
@dps-begin:
8935,27435,11533,12734
7926,3111,907,13263
22761,43050,9551
19394,14358,21082,37279
5330,27784,26796,27279
42384,2448,26089,7774
11617,8788,27124,17797,26278
9634,40869,39591,20935
28257,37458,43014
21969,9092,10333,12126
@dps-end:
@rep:22
@time:85.646
@trys:2061400
@seed:74585729
@dps-begin:
22816,1377,9685,40925,17325
20050,42242,18793
28888,13851,15180
19730,11575,30041,42510
26578,24471,26168,37416,15433
15747,25173,34197,8297
26561,34357,27560,29647
41972,41733,28053,8267
5109,10661,13414,22057,25833,8058
21424,41287,26807,30667,44141
@dps-end:
@rep:23
@time:85.519
@trys:2061400
@seed:73852469
@dps-begin:
37248,26450,5547
5970,35005,21837
16090,24732,16749,223
13411,21451,5101,25005,38333
4227,19162,9770,7692
6114,38073,30060,3837,30094
6355,27578,4571,157,24302
42193,25522,11765,8281,9737
38384,2210,995,25223,36380
8628,18821,11881,19118,21599
@dps-end:
@rep:24
@time:86.582
@trys:2061400
@seed:68750849
@dps-begin:
9012,34086,27373,42895
42660,42981,40454,27708
37418,3389,23791,4671
26016,26611,29910,32956
897,33666,21451,1196
1536,9251,10745,40013
10292,680,38665,41883,24958
21764,34294,1065,7791
35200,14576,3798,26710
2354,29212,19789,4110
@dps-end:
@rep:25
@time:86.171
@trys:2061400
@seed:58160551
@dps-begin:
14737,9829,13579,3868,36222
22642,37541,5290,2828
13313,26578,32073,20846
41189,22650,33676,8111
34564,21350,37179,41724
32726,18585,18874,23148
17892,25221,27269,26009,15741
14737,38427,77,19806,1711
34467,26611,30167,4392,3099
15616,34305,27384,3147
@dps-end:
@rep:26
@time:84.758
@trys:2061400
@seed:45320477
@dps-begin:
5496,43337,5581
12243,22837,6374,31819,31614
33045,5512,2392,22540
32018,27778,16041,26091,39436
2336,5170,39655,717
16753,29192,27592,7962
26840,11709,28494,10015,13919
34545,3841,20547,3354
16977,11570,41907,10100,41387
5537,17768,3257,27790
@dps-end:
@rep:27
@time:85.771
@trys:2061400
@seed:31913771
@dps-begin:
16802,23403,29870,19951
35794,4259,43768,32202,13167
18499,23798,5693,4493,3215
16576,17017,17805,30558
28081,3863,43304,17418,270
23555,26869,43766,5388,32829
15680,15411,42981,23909
17858,24547,19125,12204,1949
25393,10004,28053,37029,35579
7360,14161,39603,1322,28847
@dps-end:
@rep:28
@time:85.105
@trys:2061400
@seed:24096223
@dps-begin:
27569,1332,42281,17035
23764,5221,10973,33151
33428,20950,15786,24270
37172,21526,16086,360
7745,19330,264,6175,29551
1187,17187,7050,15931
43505,1252,27637,21655
21088,30256,34179,781,17679,13855
33968,1520,23222,42040,13119
15396,7112,13755,23980,109
@dps-end:
@rep:29
@time:85.432
@trys:2061400
@seed:16980937
@dps-begin:
5168,21047,2295,40605
42339,17220,16086,17210
43632,13899,16429,41342
39010,5474,36003,27564
38144,23233,2488,11594,28623
14726,18585,2830
29936,6400,14497,5473,35081
11072,9426,6067,27245
30144,18167,31929,11147
31890,34344,26329,40863
@dps-end:
@rep:30
@time:85.858
@trys:2061400
@seed:8261369
@dps-begin:
10402,24229,38696,25580
27111,41258,23309,17421
33968,13978,32762,13549
33730,32616,41738,19372
30851,27491,38165,28200
32977,914,25222,18314
13028,8260,33095,21742
27825,44456,10843,41263
35542,30601,43503,287,18639
23168,12594,21475,27796,21340
@dps-end:
