@rep:1
@time:82.096
@trys:2061400
@seed:179424673
@dps-begin:
11778,29234,37138,1013,34109
2625,25095,20218,5695
5057,28803,35190,25884,27630
37555,36183,4135,13049,12909
32851,17094,43654,31116,24828
14049,23363,26403,37892,12980,41855
42753,19395,7864,19000,37992,42457
1553,28212,17893,27175,18919,27530
8081,41188,35355,6604,24861,44078
35411,35652,25786,16415,29887
@dps-end:
@rep:2
@time:83.412
@trys:2061400
@seed:125164703
@dps-begin:
19585,10947,6742,16153
32836,2469,42933,18862,5599
7712,10443,22925,6253,16366,19151
41426,24693,29366,10361,33323
14161,8517,22406,41149,16669,25245
17218,32739,19702,10392,37673
18048,16033,21554,34114,25593
43040,14816,2355,28308,31243,37613
15670,22487,35751,7127,10920,32412
24176,38852,904,33021,31071,44063
@dps-end:
@rep:3
@time:82.848
@trys:2061400
@seed:132011827
@dps-begin:
34529,39538,39158,15420,3580,35964
25936,27668,18216,5818,7374,16350
41024,20948,14726,39147,12877,2783
19089,21988,26790,24905,21114
7669,15529,29274,16078,43086
25953,6147,5812,9701,43727,16703
10128,26354,9097,33002
11393,15316,28582,71,15818
43442,10116,17624,17865,10188,941
41760,1622,30728,14265,28573
@dps-end:
@rep:4
@time:82.296
@trys:2061400
@seed:124987441
@dps-begin:
11429,19479,40440,43805,20223
2153,10222,5374,18767,22815
13873,24354,42953,10941,9342,43631
33473,26790,9238,11353,20621
42563,11893,25669,7272,2541
67,30276,16597,24456,18699
33026,11940,25708,35309,23789,20687
5584,4101,4600,16441,19994,30556
38177,1281,43144,7438,40047
42563,17526,4822,15706,23195
@dps-end:
@rep:5
@time:82.79
@trys:2061400
@seed:123979721
@dps-begin:
13010,37,37734,16649,2875
18928,26704,17905,6114,12916,9131
31524,8263,41240,4249
23393,26215,20808,13000,11275
39844,27556,12836,4728,40635,3295
3681,39730,28914,8613,5676,43117
2724,5003,41980,31596
23152,37320,14090,34348,37871
21952,27073,43078,24122,34174
35107,36069,4488,1147,42156,7389,17134
@dps-end:
@rep:6
@time:82.227
@trys:2061400
@seed:119777719
@dps-begin:
36260,31685,21845,5286,2631
10144,20609,1994,26394,27707,6717
22579,1095,39290,14894
19072,9301,28663,4104,14155,42524
43168,17490,41603,11812,22297
33408,25618,9604,42218,6045
18593,21415,8877,17743,11103
20707,24483,1076,22710,42971,32271
28112,13664,40451,17859,42535,22718,12095
13473,43191,21291,12382,18831
@dps-end:
@rep:7
@time:83.077
@trys:2061400
@seed:117705823
@dps-begin:
26737,37138,1334,11288,35695
26305,44020,420,29674,28125,42238
642,41174,12120,29934,15935
8034,28722,19847,22185,14587,26396
39954,22931,2329,17614
24305,13858,37298,165,14232,9290
23874,30434,41684,35180,7134
24928,1201,24262,39112,16955,41213,5823
16865,30371,8549,29899,28639,27391
13537,5337,34525,22397,20925,10654
@dps-end:
@rep:8
@time:83.218
@trys:2061400
@seed:112131119
@dps-begin:
7909,36873,44330,38250,40987,26879
10240,35510,12023,1272,35849,20073
18144,28312,6329,35902
1250,9475,37254,13403,11867
35686,3145,38538,20474,748
44226,13991,40984,20761,14377,9386
34608,1989,41429,12486,2490,11979
30672,17137,6929,3139,36616,508,2317
28577,2770,24631,34568,38491,23789,10831
44321,20067,8517,11661,9470
@dps-end:
@rep:9
@time:82.071
@trys:2061400
@seed:108626351
@dps-begin:
5560,13752,6377,8125,20238,24559
385,22466,16997,10510
44529,29137,9554,27878,15706,5965,43998
41840,7490,16471,29195,9645,3903
32338,38694,44407,25455,3135,28719
14784,28753,38997,36380,36861
24240,33332,3813,25542,18951,16382
10664,18793,10169,9546,26106,4125
39440,23857,13092,41412,4631,26365,26527
36817,15170,38650,3742,37919
@dps-end:
@rep:10
@time:82.933
@trys:2061400
@seed:107980007
@dps-begin:
16660,30598,34824,31002,19613
36836,10660,30631,4764,3550
3617,21875,18535,39831,41514,33711
15552,33877,27622,2087,23834,22954
26659,29412,21686,422,8139
40308,28981,3045,5080,6840,6474,8494
13425,1635,29621,34202,11372,11597
10691,31877,1928,17608,41896
34673,38467,6901,4310,13991,5272
28242,35682,12775,43657,26618,42301
@dps-end:
@rep:11
@time:82.805
@trys:2061400
@seed:106368047
@dps-begin:
14929,12869,6458,37885,32094
41760,26514,36999,42716,16991
31280,35204,11957,31302,9513,12189
29185,18280,20056,1480,22154,41356
14880,9840,24804,35114,35230
4321,16770,16453,26887,2637
19461,16870,24023,3707,41036
29649,40916,4900,17384,2827
34897,12404,42489,12649,8714
36993,26114,4877,17550,33566
@dps-end:
@rep:12
@time:81.527
@trys:2061400
@seed:99187427
@dps-begin:
3638,20838,21034,6510
15827,4107,508,40061,15230
3873,5446,32330,39547,33741
20689,4502,43673,2314,26538
38354,2372,3381,17319,39784,27583
12208,17057,40872,2600,22092
18672,32192,32352,2788,32165,3014
31009,40081,33011,23956,4555
16112,18880,834,5035,2876,1023
28528,34195,10339,41893,16711,6216
@dps-end:
@rep:13
@time:83.248
@trys:2061400
@seed:98976029
@dps-begin:
6433,12709,39453,34398,30175
26224,24341,15240,3470,34543
29155,30408,16620,23213,21039
21393,1029,33321,13596,42942
38691,27496,44459,7838,4510,671
21523,23683,15973,38488,36972,25694
28081,34645,39637,25798,2407,26799
2627,20453,7895,12616,41899,41964
34184,18713,20748,4092,25036,33662
44545,33650,8423,5628,17517
@dps-end:
@rep:14
@time:82.004
@trys:2061400
@seed:97875523
@dps-begin:
23699,37994,19179,27967
21138,25298,24201,41193,495
8033,39158,18075,30143
4514,40038,14011,41054
5217,11028,30487,39387,39836,27918
34866,26139,41708,40366,1247
41552,33265,2696,29161,21355,38494
8033,29074,29195,42781,11534
8770,30147,38966,29639,1212,1997
30448,2721,29378,31267,40604
@dps-end:
@rep:15
@time:82.254
@trys:2061400
@seed:96763291
@dps-begin:
23680,15880,6553,5818,28174
40016,34001,31929,33562
16272,30006,35415,10584,19279
37108,33959,31916,17757,30127
29204,40788,41878,21911,28184,28939
23249,25539,38471,21560,10139,37627,285
10672,42899,43508,5080,7516,7582,8094
20288,35137,28666,30987,19484
2197,7357,29310,33502,8031
37266,25667,44548,28043,733
@dps-end:
@rep:16
@time:83.033
@trys:2061400
@seed:95808337
@dps-begin:
7825,42790,6842,33039
4377,34507,18763,30540
25090,706,16787,42499,2574
26834,28900,30981,42407,36475
8838,3895,22265,26442,19804
25537,19972,18022,21288,31097,8717,5614
29204,1143,20105,15241,15836
19777,24481,39347,2339,36038
30400,34375,3369,1307,41486
1010,36535,36200,34459,31548,33245
@dps-end:
@rep:17
@time:82.993
@trys:2061400
@seed:94847387
@dps-begin:
33746,328,21256,26332
33012,9832,15833,11502
32096,14451,10314,22938,32699,34078
37121,6691,35701,17653,3478
16571,23131,35451,36668,23582
26753,9366,31687,16536,41467
2417,7602,24308,9754,7692
12869,44454,42374,42729,91,25292
23680,24321,14146,20787,40612,13910
39491,43827,22101,38918,9967
@dps-end:
@rep:18
@time:82.994
@trys:2061400
@seed:87552823
@dps-begin:
14305,43508,14101,19141,23484
18100,30749,40910,44111,28319
3056,20661,9370,26938,21869
4256,2098,25331,16279,5929
37904,29652,34678,41993,27626,27039
6002,24247,347,17564,24204
16529,36306,3492,7109,15657,20285
2386,41749,12571,16607,7967
19168,22019,18500,15336,8905,43598
42385,10849,10583,12713,34991
@dps-end:
@rep:19
@time:82.888
@trys:2061400
@seed:86842271
@dps-begin:
33426,40308,5925,14155,24573,3711
35088,12498,32291,39316,1050,9099
11953,14658,16247,23832,38842,14091,16571
34994,34632,35291,13581,39982
42850,25669,41788,5982,40910
41616,17120,15222,24879,9263
39152,34256,39716,27868,17997
2035,24969,7803,5916,43165,28654,12191
29028,1593,38539,20494,34751,19183
1040,27510,8934,12556,25135
@dps-end:
@rep:20
@time:82.524
@trys:2061400
@seed:80650457
@dps-begin:
13120,7218,2773,44294,42942
14208,25736,2409,10970,14125,17374
43664,1109,15221,10281,15353,38492
35236,24324,41716,44317,1614
22624,23765,39638,25126,23930
41921,39842,33017,19484,21181
27249,13921,15617,32476,21437
2978,13347,10376,33913,32458
21286,37481,17386,18125,22783
675,10200,19641,17385,33227
@dps-end:
@rep:21
@time:82.441
@trys:2061400
@seed:78220001
@dps-begin:
27875,28885,18743,9470
37826,20755,41382,13738,21422
34353,41059,5508,20696,40473,26457
14453,32629,14984,6424,44158
44096,6017,3623,6888,35276
21440,17521,3826,21688,30716
26499,31783,16025,4042,34366
12485,16214,23447,27688,13610,24365
37861,5479,2153,31548,11743
15254,16919,19707,5742,42895
@dps-end:
@rep:22
@time:82.975
@trys:2061400
@seed:74585729
@dps-begin:
17472,33265,17685,9559,17800,15402
33763,1798,31303,41309,18399
17379,3924,18741,16509,3293
32274,6595,21831,17991,26687
13008,7265,32469,474,41804
8515,2101,11157,20854,18039
42499,22902,44266,6540,42878
22674,25555,12612,24422,39484,28062
22816,44258,3143,25065,25455
13203,44552,9241,3677,3694
@dps-end:
@rep:23
@time:82.459
@trys:2061400
@seed:73852469
@dps-begin:
16595,7111,40759,16887,15467
36681,28874,24287,14303,3071
11536,23025,24673,27282,10285
2507,7436,10014,2702,1055
42434,4724,42568,20078,22703
44548,23797,30184,21947
39381,31736,39932,24797
41651,42023,37640,24666,23998
5488,36160,38563,694,21502,20495
1504,29761,1732,2068,35319,39287
@dps-end:
@rep:24
@time:83.25
@trys:2061400
@seed:68750849
@dps-begin:
9922,22774,2951,13832,22269
34404,40870,32183,9927,42983,42347
8755,4709,11974,10583
8128,37459,5123,39433,27391
28257,15544,20765,30526
12048,17139,37304,32235,21871
43075,26195,9540,25525,16023,29050,21917
9745,19490,35603,34967,10670
4673,31748,14633,20557,38462
36370,30774,3912,19560,41630
@dps-end:
@rep:25
@time:82.858
@trys:2061400
@seed:58160551
@dps-begin:
34260,32744,12028,9070
20817,34385,43716,2397,35150
12295,10617,25434,40428,4318
20967,7864,41257,9947,14671,18751
24949,31094,24872,6619,13003
7314,14055,3912,12138,2299,32827
25216,4546,38644,10888,30683
13411,26837,7430,650,2157
7845,13177,6876,31661,28590
18210,40388,23465,39577,31946,34875
@dps-end:
@rep:26
@time:82.275
@trys:2061400
@seed:45320477
@dps-begin:
35680,10083,35864,3800,41917
23186,3795,27294,2015
29909,616,18221,22334,25342
7378,4419,42453,7557,19497
9411,39288,26473,18396
26610,8421,39110,11625,24074,2317
5793,2709,25653,22473,40668,3678
10800,32097,20162,18962,35575
35680,1588,14132,23597,7422
13232,32562,27957,34746,25580
@dps-end:
@rep:27
@time:82.355
@trys:2061400
@seed:31913771
@dps-begin:
38688,15730,38218,36877,1677,34222
8402,8867,22359,43916,18910
18544,8721,42307,38710,8183,21356,846
29728,33811,40484,11543,15690,2847
16033,12642,4371,22949,5646
14432,25216,20547,39443,30390,19611,351
21604,39466,1741,34799,32543
31872,19105,25234,39879,381
18065,43953,11798,30506,18876
11683,11700,6232,10024
@dps-end:
@rep:28
@time:82.917
@trys:2061400
@seed:24096223
@dps-begin:
32292,23303,200,17405,18846
20242,27862,39926,23930,14125,18862
24513,21876,23209,5082,6958
34272,5637,26153,30556,38317,38366
2770,2855,34343,33367,19399,14331
43766,9159,32761,38555,22109,15229
14465,29137,17028,32245,28779,7068
31477,31559,24602,8701,31727
39042,6147,40888,15177,6222
6066,4132,7126,16296,28459,17453,4926
@dps-end:
@rep:29
@time:82.816
@trys:2061400
@seed:16980937
@dps-begin:
17748,29204,1845,27430,2473,20668
35219,40679,38717,16847
12848,15268,6166,6748,40463
5201,18115,21573,17720,11146,23759
5046,26762,35228,18605,10126
34001,4194,19480,21656,28792,23866,28621
25585,33411,18102,12710,11305,5596
19938,30258,34151,43385,2539,5661
40001,5575,36137,31661,3678
17296,21509,42293,8999,7191,22270
@dps-end:
@rep:30
@time:82.357
@trys:2061400
@seed:8261369
@dps-begin:
30723,21299,8501,42119,7210,43663
10720,44144,16995,44340,17038,21182
42274,28180,3910,15484
22768,17844,742,618,18460,42015,4463
9864,26427,396,42781,20719
512,18850,37076,13701,9548
28803,7526,40105,24889,36667,14862
3088,39683,1464,34189,830,22206
11923,31444,39654,3337,13977,33035
13027,35849,27388,5133,41022,29711
@dps-end:
