@rep:1
@time:29.474
@trys:2061400
@seed:179424673
@dps-begin:
15616,4583,2072,25181,16991
21570,23379,22581,23405,4414,10783
18146,23030,21930,12669,22798
3728,8005,13303,9707,10924
12326,1079,25096,5402,18203,4445
3632,17654,14520,6412,22703
12184,20233,4027,2603,14429
23493,21431,7114,11438,12126
2016,22114,5125,24439,22537,10906,24447
22673,22280,2729,2026,14476,8317,22190
@dps-end:
@rep:2
@time:29.297
@trys:2061400
@seed:125164703
@dps-begin:
21569,17203,18763,24878,23647
16085,19366,1768,15771,5468,3166,18014
5552,20929,3857,8120,24396,22222
23440,3185,11571,4695,13198
15984,12002,1611,11006,24942
8676,16598,72,11017,20411
12660,7765,4677,18151,8616,24168,3853
19056,24912,23992,3546,22366
1970,9908,17689,12153,16811,6669
5570,11414,22315,4475,21966
@dps-end:
@rep:3
@time:29.488
@trys:2061400
@seed:132011827
@dps-begin:
7380,341,22695,19863,13291,20014
9652,16517,3253,1658,14666,4414
17365,20533,12902,22940,20942
673,11361,23443,5223
7474,467,20680,14460,12061,23741
2194,17748,7417,13289,13402,2252,6111
24145,16258,25188,19768,3385,18059
705,11091,16558,5662,14175
16314,13322,3116,9117,20014
24545,20019,15939,282,1102,6879
@dps-end:
@rep:4
@time:29.868
@trys:2061400
@seed:124987441
@dps-begin:
11961,23708,9789,22445,13198
16914,17541,18582,4122,17597,10927
8755,13495,24952,18925,6717,9519
19297,13892,4404,3205,4582,12855,13727
22482,21605,7863,20601,15882,94
17841,24705,14693,390,20121,19194
11554,15251,16198,6489,7737,13018
6944,2481,21491,5619,233
20288,23075,20421,15368,21097
2262,14743,7225,699,3660,24829
@dps-end:
@rep:5
@time:29.7
@trys:2061400
@seed:123979721
@dps-begin:
21685,4487,22584,5531,16924
14736,14616,11496,14520,16345
1009,15617,12083,19971,22474
20800,2321,16659,420,15015,3439
20386,5606,9736,19611,4797
25028,23796,20023,15383,21215
10530,24194,12292,2951,2296
19429,22280,6474,12331,4686
22130,14995,1332,19541,3596,18637
13248,2880,17253,19654,18759,12409,21355
@dps-end:
@rep:6
@time:29.369
@trys:2061400
@seed:119777719
@dps-begin:
23520,23443,20437,16422,6396
6944,6402,11236,13198,8734,1759
16870,12825,4185,11036,14492,20237,6319
1302,11436,16301,20317,17423
11058,14964,22100,8761,17738,4511
23366,4631,24520,16314,20751
7489,19699,8294,7737,10,14860
24883,15747,4922,15965,7565
17620,9733,12876,17070
8464,2224,659,12713,1855
@dps-end:
@rep:7
@time:29.383
@trys:2061400
@seed:117705823
@dps-begin:
19746,1045,15559,4281,14381
5667,9480,14520,14762,7726
12227,5126,17880,6702,8942,2079
6832,14897,7238,12523,18732
13173,16168,21406,11615,24159
21236,3720,7705,1450,22366
5432,15498,6076,9806,4095
19760,7201,5700,19941,11448
24928,22659,6069,11430,23592,9884
24628,23849,11514,9275,20939,572,23852
@dps-end:
@rep:8
@time:29.293
@trys:2061400
@seed:112131119
@dps-begin:
8576,24162,18322,13461,23801
1024,24560,20533,9385,5562,12670,20638
18946,6245,8469,16054,18537,1679
23873,22563,4678,13478,4951,22971,22574
5761,1099,4876,9068,9980
25216,16677,20569,14090,4956,2365
10256,16834,18242,20340,21130,7515
8817,16324,13014,3641,22652,12300
5888,2081,12326,17674,5276,22156
18006,3898,14060,2716,23503,19615
@dps-end:
@rep:9
@time:29.566
@trys:2061400
@seed:108626351
@dps-begin:
8901,15560,20602,17660,8527
1616,14114,6548,15252,18677,21005,2382
9880,23658,25194,4475,19839
7892,17352,14713,20586,20397,16942
3713,9781,19626,1436,6463
18514,18532,23194,13275,15967
6592,4261,22247,8328,21660,1740
14738,11074,24148,1580,3324,7069
6640,19297,4455,13773,18254
16482,18890,24061,17021,17534,6431
@dps-end:
@rep:10
@time:29.14
@trys:2061400
@seed:107980007
@dps-begin:
14672,8818,18835,16665,17357
23702,17273,21034,16797,14989
23666,11731,22999,122,4909,13487
4625,12386,3572,13482,11341
9251,11588,5574,18567,11483,16812
18208,9767,6346,1053,18639,4063
14961,9239,19210,10858,15083,14766
1720,5339,20957,13118,11438,5327
21616,2483,6852,6132,19782,8446
6048,18273,5941,4425,18286,9855
@dps-end:
@rep:11
@time:29.39
@trys:2061400
@seed:106368047
@dps-begin:
645,5129,10063
721,24440,5065,19004,11615
10945,19704,4216,22713,24811
17936,7873,8904,11674,9373,20238
7744,21491,19636,21911,12555,7630
22288,21713,149,23685,23992,14043
11794,16226,3684,20023,3163,22395
21872,19589,5545,23641,540,24063
3732,15606,9512,6058,1403,15134
12371,11380,1592,20170,14028,12862
@dps-end:
@rep:12
@time:29.508
@trys:2061400
@seed:99187427
@dps-begin:
1159,17191,1753,21693,8862,23870
994,8868,10022,7722,23531,4975
19313,11921,5090,14453,20871
7328,961,10484,12454,20999,19724,22015
2321,20578,4804,6325,10799
18912,5746,16901,10678,249,15963,13372
12240,12967,2296,23484
20160,22897,20115,18268,2543
19623,14922,20955,6892
8064,23152,12896,11436,2718,6735,12127
@dps-end:
@rep:13
@time:29.424
@trys:2061400
@seed:98976029
@dps-begin:
3856,23666,13354,2299,3261
25073,15876,20198,15069,18910
19224,20553,4362,12474,17022
21810,13892,20788,4117,5628,18383
2867,2040,10366,23870,19039
8340,1416,16104,5497,23868
9570,6486,7740,5100,1756,17070
22437,7046,21368,4586,7210,13930
4842,17531,8157,12511,10863,10687
6720,4471,9400,729,23181,6015
@dps-end:
@rep:14
@time:29.418
@trys:2061400
@seed:97875523
@dps-begin:
20001,16323,7446,21462,6831
15328,13203,11817,14220,3677
13461,6669,20254,4526,22079
11092,24453,22550,17197,18206
12690,21797,24006,18886,9752,13727
8533,14342,22556,18062,7295
2209,15378,8755,11311
24626,3080,6233,10377,24860
10098,15269,4118,3946,3595,5547
18968,13833,15961,19034,19452,7471
@dps-end:
@rep:15
@time:29.362
@trys:2061400
@seed:96763291
@dps-begin:
10065,3346,21346,18563,13173,23850
19379,6710,4473,9738
2272,11571,10389,1883,12444,4271
22480,23955,8596,9158,22727,9703
2321,2562,19075,17507,14519,19160
6880,6001,7142,22428,12957,1710,16350
11030,16438,8751,207,21279
6739,8499,8965,9833,19243
12436,25205,22117,6795,4543
20737,20019,3191,13847,8137,1609,9178,6155
@dps-end:
@rep:16
@time:29.175
@trys:2061400
@seed:95808337
@dps-begin:
208,5600,9461,12358,1053
15409,22595,17748,23896,23418,3738
17984,1984,14595,14243,388,13269,17690,5967
5538,552,24472,18605,4221,10126
3280,8914,11479,21083,24092
3472,2626,17428,13945,4698,21278
13120,17045,10805,11414,20823,4759,4686
24448,14225,13857,12533,14715,10461,927
192,8053,14453,2054,23481,21660
23920,10930,6007,2295,6120,24797
@dps-end:
@rep:17
@time:29.674
@trys:2061400
@seed:94847387
@dps-begin:
9568,3233,22324,12088,16348,6669
11681,23249,7944,23194,23978
9378,7490,2069,15654,20118,5721
22674,2418,22613,16341,1039
435,18308,15349,5448,19913
97,5121,5831,7015,19646
16304,17650,25092,10601,8383,19311,8527
1265,22584,11754,20830,20558
12496,3747,3333,585,17017,15214
3600,3074,21091,11347,10614,6461
@dps-end:
@rep:18
@time:29.344
@trys:2061400
@seed:87552823
@dps-begin:
9968,12530,10725,10775,11496,18506
2914,2035,11827,7146,19898,6717
19618,17718,11335,13224,23615
8464,1057,18308,1221,8438,5963
17312,19032,19660,1133,4461
15412,17428,3205,19495,25115,14349,11709
3045,19237,17833,13339,17435,23695
22596,23125,8827,20987,23854
4112,241,20484,21749,21766,12295
21330,1715,2468,18104,12825,7689,10779
@dps-end:
@rep:19
@time:29.433
@trys:2061400
@seed:86842271
@dps-begin:
12435,10947,16197,4136,24699
19571,24164,18942,16494,22719
11078,23750,15944,11068,23502,10863
14688,1586,2981,8284,8846
24949,10759,16376,3929,3149,9150
14881,16357,10917,22841,16348,6669
7138,19058,22437,16918,5754,1164
8496,19796,19927,19207,18282
3443,15220,7382,20570,23708
7665,17299,1414,18550,11335,11804
@dps-end:
@rep:20
@time:29.97
@trys:2061400
@seed:80650457
@dps-begin:
8290,19029,24088,20905
3600,16225,23362,716,6364,13533
17297,19971,5606,5162,12011
11635,13754,6299,14222,8782
14128,23315,13495,14216,4618
8480,497,19941,665,9932
9764,23573,15690,6669,13279
23248,18625,22913,8729,10506,18316
20388,23413,12568,3369,18796
20359,12984,11819,18635,6699,6012,2447
@dps-end:
@rep:21
@time:29.572
@trys:2061400
@seed:78220001
@dps-begin:
22163,16309,14008,12364
16081,3273,11066,12061,13695,3935
20336,15362,15715,17253,311
12403,16677,2808,14811,21053,8319
227,20484,20806,4410
11073,13495,5627,11243,7661,21310,23695
7237,1477,13127,19863,8622,18639
7090,18627,22372,22199,8763,13597,4238
19648,19297,18933,17382,2040,13356,15741
7873,11335,16666,15354,15772,8975
@dps-end:
@rep:22
@time:28.951
@trys:2061400
@seed:74585729
@dps-begin:
17045,11817,14170,21836,4876,12239
18036,469,5269,169,19899
11347,7061,17206,23500,7308
16870,8007,1593,9036,5981
22881,2691,19593,5353,10553
8257,117,12454,4761,6542,9855
20212,8680,6441,12009,25131,5487
4739,10278,17017,17466,2573
14144,15280,9491,23125,21321,558
5715,2646,1255,21465,15370,24699,10286,23359
@dps-end:
@rep:23
@time:29.199
@trys:2061400
@seed:73852469
@dps-begin:
20737,10274,6648,10569,7501
5604,17029,3720,24730,1149,1597
14210,13590,24903,13545
7155,7495,695,15528,11247
10225,6340,16297,11070,20751
23137,9861,15046,3802,5582
2160,4050,23317,22918,17166
24838,5305,14233,18735,18607
23905,7489,10326,2263,11335,72,24413
10256,12385,11825,21523,16328,14377,1116
@dps-end:
@rep:24
@time:28.815
@trys:2061400
@seed:68750849
@dps-begin:
16146,14214,5594,22269,10271
6976,23748,24951,14238,22175
2130,10581,3238,8584,3646,22783
22802,16085,5622,23356
23073,946,16068,20346,699,2684
4328,15689,22556,24268,20831
24912,12609,2280,21176,10969,2543
20801,13442,24643,17974,4554,12557
21010,5030,23917,9582,10543
15984,19937,7570,341,8873,13242
@dps-end:
@rep:25
@time:28.829
@trys:2061400
@seed:58160551
@dps-begin:
8709,7878,18391,8540,21951
25121,4546,12533,22727,16670
14897,19607,23415,12169,18329,59
18064,18081,8985,13210,14796
7504,12929,8179,22340,20084,14827
20530,16100,24949,13734,8026,16364
2370,7730,14100,8218,24684
23619,9171,11604,18068,19240,7482
20840,2570,23980,4140,23967,16431
16547,1556,5639,22696,22492
@dps-end:
@rep:26
@time:28.834
@trys:2061400
@seed:45320477
@dps-begin:
2544,19617,24609,10604,12350
12416,22448,10916,1316,22613,22269
6208,19409,11635,21640,2010
14144,22563,13834,16650,2026
20467,11623,3159,20397,12175
3712,25121,3170,169,16410,5786
5570,23030,7175,4569,19691,5439
14672,2835,19059,11876,19381
25122,14439,11448,11757
16997,19605,15001,23499,8446,9135
@dps-end:
@rep:27
@time:28.77
@trys:2061400
@seed:31913771
@dps-begin:
9504,20612,4468,13949,13310
15504,22929,10,12667,23899,18655
21348,16804,10660,10409,13180
3794,19315,16117,10808,17789
11472,13109,17130,2732,23615
11202,19122,1015,23050,24282,18124
20096,10611,19910,23734,15707,2175
11573,23531,7180,9086,2047
7664,22913,18230,12791,24013,5341
25074,13619,9430,632,13738,14139
@dps-end:
@rep:28
@time:29.329
@trys:2061400
@seed:24096223
@dps-begin:
24560,17120,338,16345
4231,17466,15898,23292,24573
19796,13719,11544,3354,22346,15484
18018,11746,23666,3074,12295,8700
21008,22674,8085,9111,15383,24680,3614
3616,14096,17505,8882,419,5656
16562,10455,7689,1945,16217,2730,11436
10352,5509,20825,18942,6702,13166
13312,18818,17956,10662,14907
19717,21461,6213,22955,15708,4431
@dps-end:
@rep:29
@time:29.594
@trys:2061400
@seed:16980937
@dps-begin:
16966,14041,21962,7916,18335
24080,13458,16854,12424,17466
18176,5509,10389,20983,5687,9295
16288,12372,1545,6411,22686
5986,15972,23766,15592,9368
15986,6873,1561,23420,4223
961,21878,5366,6990,21423
8242,2438,20108,10205,25215
5537,16035,16953,4315,14637,9294
12358,15830,15799,19886,21214
@dps-end:
@rep:30
@time:29.642
@trys:2061400
@seed:8261369
@dps-begin:
22432,24912,19281,16773,19662
233,16665,5834,24074,2060,13821,13678
16384,21826,8887,12729,10604
23408,17714,4332,2157,21246,10974
8464,24032,275,23588,3534
3649,10355,24883,7895,12506,17642
19824,10808,21673,23914,19306,8333
24849,21570,18600,20696,21722,19374
19955,10232,22012,17294,22079,19839
19553,16729,17609,15354,17163,4637
@dps-end:
