@rep:1
@time:26.777
@trys:441400
@seed:179424673
@dps-begin:
4176,26481,10050,11002
36801,853,17997,23197
1440,25862,7005,15213
35347,20372,32566,24653
9360,17681,25654,21053
25274,7339,26091,22956,23343
37297,29880,28700,38830
30914,12467,18327,5533,26462,29919
18818,6373,15238,29127
19909,22759,28956
@dps-end:
@rep:2
@time:27.411
@trys:441400
@seed:125164703
@dps-begin:
8914,34169,11082,17629
21858,36371,38665,42172,18431
7205,2280,43661,31117
32528,43586,18127
36087,30391,5355,38924,14
17074,5950
9584,37521,2210,23604,4070,21514
7057,33444,39972
44273,389,3559,14347,11870,4414
30929,17511,6751
@dps-end:
@rep:3
@time:27.38
@trys:441400
@seed:132011827
@dps-begin:
11426,42212,17365,16667
3654,19512,30555,21357
10706,1174,7161,30652,35615
14645,20710,32777,29935
12929,18532,18278,41421
35440,11153,2547,42245,18812
16944,42519,11244,28653,4559
42276,20151,39546,24380,43645
4131,39573,16954,14987
39843,44219,13359
@dps-end:
@rep:4
@time:26.821
@trys:441400
@seed:124987441
@dps-begin:
18482,14389,17573,33785
11651,34523,34525,8414
15574,2038,1995,3643,29358
14341,15271,36602
20597,33478,38345,28044,2525
10723,43987,14549,11527,19145,22266,24799
32514,17299,15605
31120,15619,1414,35678
20273,20274,1722
24099,37779,3295
@dps-end:
@rep:5
@time:27.454
@trys:441400
@seed:123979721
@dps-begin:
30123,26333,6447
43393,8659,19545,16027,42477
23649,11108,17814,2023,30632
3968,41880,32473,6284,8381
12864,18627,20804,10342,33659,20940
11995,2667,3517
43641,23738,1325
7281,41779,17061,5678
42500,26551,5225,24570
34257,44443,3692
@dps-end:
@rep:6
@time:26.851
@trys:441400
@seed:119777719
@dps-begin:
23393,32316,29501,29486,32078
32049,9204,8344,27983
19760,29120,34358,8441,10958
1177,16699,20347,18237
42802,23288,8811,3727
1874,41506,38500,40676,25707,22780
28244,20629,26987,42588,28847
7585,33974,12887,16459
9318,4998,18589,42493,9533
29265,31041,17170,40627,39207
@dps-end:
@rep:7
@time:26.903
@trys:441400
@seed:117705823
@dps-begin:
34688,38855,2911,42159
34389,33417,5132
39010,7234,10028
30368,35873,30947,24699,18284
33570,31090,11119,44207
40805,18357,29990,40459,40669,17534
17078,30407,43487
2103,16504,21226,36238,43583
16163,15331,28599,9127,44443
29142,14504,35402,38923,1084,25391
@dps-end:
@rep:8
@time:26.937
@trys:441400
@seed:112131119
@dps-begin:
24896,12571,22907,22783
41574,18071,17337,33785,38525
23488,38817,2986,6381
15986,9140,39365,23384,41833
9649,31443,30362,9357
5440,35186,13734,17559,8184
22839,15051,495
4384,14224,3683,38426,21486
27158,39128,44251
14323,22420,41067
@dps-end:
@rep:9
@time:26.779
@trys:441400
@seed:108626351
@dps-begin:
1281,19235,21816,9628
28433,41866,2362,4269
42118,22618,24670,10399
11157,34181,16810,41450,11517,27407
8178,22948,7419
8704,9878,40536,33277
26133,40988,23740
531,25590,10502,36619
6244,7509,935,33019,3071
3249,24545,19028,29589,42430
@dps-end:
@rep:10
@time:26.986
@trys:441400
@seed:107980007
@dps-begin:
29188,2168,37101
36305,4962,5517,7743
19014,18616,28139,13679,7807
43842,3575,41194,40523,34879
42288,23777,33987,2437,23608
34448,3571,41207,30733,574
26018,14389,35564,32015
17714,31234,16580,141,2239
26801,36753,24531,18711,20749
24596,16600,21243
@dps-end:
@rep:11
@time:27.129
@trys:441400
@seed:106368047
@dps-begin:
32465,12037,30268
28081,34294,21334,25417
1970,3157,2248,10988,37839
27095,26728,31212,3694
26561,40999,5082,19660,11725
9299,40805,646,4860,41692
20020,31700,6341
6000,43731,15939
21233,27798,13577,8939,18239
44001,11955,16119,41545
@dps-end:
@rep:12
@time:27.136
@trys:441400
@seed:99187427
@dps-begin:
8496,35685,9959,39001
28696,38333,28799
15716,8855,39417,41342
40197,28457,41835
2308,17645
21189,33480,17289,5850,14603
30723,43559,9736,20011
29986,36968,20445
26512,5074,40236,3151
31392,14757
@dps-end:
@rep:13
@time:26.974
@trys:441400
@seed:98976029
@dps-begin:
12326,11258,44492
35703,5967,3103
27458,29571,15864,43663
29602,3348,16261,28393
31616,10569,6747,30381
36725,6346,1789
44213,36150,3929,13275,12142
20577,35523,38407,32970,938
31763,33284,5209,11546,5212
14373,28042,22764,7837,24669,28173
@dps-end:
@rep:14
@time:27.092
@trys:441400
@seed:97875523
@dps-begin:
27136,12689,258,34990
24807,9479,10078
2544,14755,4884,33084,28396
4529,13522,29814,1116
32404,34533,10584,38361,20716,41151
8308,44292,9417,31437,23791
14436,19031,28223
20130,21974,2538
23986,868,22345,44410
40929,20113,5363,88,44472,26669
@dps-end:
@rep:15
@time:26.728
@trys:441400
@seed:96763291
@dps-begin:
2691,31578,21195,3311
17329,25907,17718,39131
43990,42728,23082
5312,32400,34900,39382,2199
18918,15751,2239
26918,16778,41855
28657,38968,1433,186,18478
7348,34661,39128,17656,29102
28132,27591,39177,28300
31713,8587,7327
@dps-end:
@rep:16
@time:27.291
@trys:441400
@seed:95808337
@dps-begin:
4451,4567,24312,24187
26160,19542,27194,10812,36797
1281,28674,43099,26396
27618,35253,22293,5372
5425,2937,40779,32750,3230
42834,15381,17706,5275
19201,8081,7927,9339,2638
18482,23539,13107,31351,42857
14727,23320,42105,4172
2848,34533,32374,16424,43738,18091,18108
@dps-end:
@rep:17
@time:38.741
@trys:441400
@seed:94847387
@dps-begin:
11056,22006,8598,19304
676,36793,8746,40122,28715
17269,36601,28828,1885
38852,36662,41702,20505,93,21134
34338,21267,15546,31054,5647
14960,20487,2664,31193,16412
25528,8638,31983
33089,15189,38602,4459,27868
9121,41895,22171,25647,7951
30916,17723,30123,35087
@dps-end:
@rep:18
@time:71.227
@trys:441400
@seed:87552823
@dps-begin:
35266,34566,28024,21996
34962,20312,18585
27777,39778,20373,3354,6734
28752,34065,14547,41191,42861
26928,31778,4100,18270
39386,491,10732,16621
27464,18107,31551
38291,6919,1959,2205
17922,2295,23691,18062
7926,44462,20302
@dps-end:
@rep:19
@time:70.86
@trys:441400
@seed:86842271
@dps-begin:
9636,13527,11017,6157,8175
40944,3914,18203
6960,29795,23764,1077,39773
11794,7640
32001,1304,38267
28740,43799,1995
35459,38500,40743,12153,43179
28928,5170,22436,9724,22654
22530,4850,25259,41227,31933
5109,34741,7336,13978
@dps-end:
@rep:20
@time:71.438
@trys:441400
@seed:80650457
@dps-begin:
43477,22294,18614,621
38950,5769
29824,18133,13515,34687
8612,6312,34300,17661,33582
7376,41681,37297,40319
21680,29959,1128,37259,26063
29329,11254,1126,29323,35837
10148,43252,3371,31069,24398
6225,33443,21127,20218,13566,18735,7231
21316,30567,23977
@dps-end:
@rep:21
@time:70.807
@trys:441400
@seed:78220001
@dps-begin:
30343,24553,35101,1295
8389,4598,42510,38686
34640,41977,19116,21423,20959
39472,7750,20825,4506,33659,34143
16116,16549,905,7386
19267,40420,7588,15469,2127
39112,16553,6906,7454
32532,5029,12599,14169,21853
26611,12279,5561,22669
41264,38755,5158,16828
@dps-end:
@rep:22
@time:70.352
@trys:441400
@seed:74585729
@dps-begin:
31716,33849,9946,15387
36228,10054,583,26826,4156,4174
39764,28820,40215,25277
39505,3042,34723,33421,2286
26656,27936,15925,8746,11
18224,6758,17334,31450,22939
31700,44492,38591
30225,29114,24523,12587
28787,44216,14682,25950
16997,32966,28184,25212,8607
@dps-end:
@rep:23
@time:71.975
@trys:441400
@seed:73852469
@dps-begin:
6197,25881,34810,41724
27520,26732,12365,14607
32162,7845,17895,30217
20453,25945,6783
18834,39780,18389,7173
9777,24821,9685,40586
12961,23079,1514,29594
22482,27048,41215
41189,2902,42938,8188,40365
42499,15065,25834,2252
@dps-end:
@rep:24
@time:71.013
@trys:441400
@seed:68750849
@dps-begin:
29265,33410,34453,13002,30031
2881,31786,18894,42639,26655
23665,36646,14599,5911,41688,6972,38910
42387,10664,893
6976,18059,14094,2271
41987,23448,32731,36363,25774,44367
28898,4306,21330,21395,7267
25429,16956,35887
10512,29890,473,24573
39441,12210,32980,35668,4726
@dps-end:
@rep:25
@time:71.052
@trys:441400
@seed:58160551
@dps-begin:
41089,18201,15738,37182
41315,932,30965,36631,22783
40886,16422,6760,18095
37856,33008,24580,35815,33213
21521,28712,10168,12313,7422,42975
7042,2130,16612,11821
26528,12051,925
22833,19537,3815,24427
26273,31156,10373,33947,36237
4186,4427,32623
@dps-end:
@rep:26
@time:71.008
@trys:441400
@seed:45320477
@dps-begin:
3959,11914,34634,2012
5154,36420,10844,31836
5456,30995,37461,31816,12172
32354,21475,19747,31348,21327
19954,6100,32443
39010,4199,40055,6043,42799
31158,39640,12841,7965
3120,38261,5773
28582,9881,30777,6603,21771
16736,38210,37235,17011,29095,9903
@dps-end:
@rep:27
@time:70.22
@trys:441400
@seed:31913771
@dps-begin:
38423,649,27899,19774
16577,42998,41596,39341,16845
44081,25505,12642,1016,14781
29072,11435,20683,33164,34797
17409,22981,13962,38462
30357,10746,13147,17486
38339,7781,22711,4218
9184,38898,10823,10303
7250,43588,7845,21157,18326,30316
28704,26867,19544,30841,6779,12047
@dps-end:
@rep:28
@time:71.142
@trys:441400
@seed:24096223
@dps-begin:
4626,27319,22983,42234,42813
20869,40718,17806
15075,28293,28712,18062
27362,41843,36363
37248,14439,2585,20799
36339,31705,2938,6908
15264,16324,26245,42954,42526
26946,17321,782
42836,18059,40941,33727
20066,42948,9366,4742,30294
@dps-end:
@rep:29
@time:70.107
@trys:441400
@seed:16980937
@dps-begin:
41972,43737,22395,41758
44545,29043,33421
5684,43255,36682,16429,42862
9493,3062,34492,10669
6099,8244,13828,2917
23508,23205,37880,33404
5200,1880,12665,24606
13683,8887,6696,29560,13997
37204,9781,11674,4347,7373
43152,921,15292,13822,34655
@dps-end:
@rep:30
@time:70.447
@trys:441400
@seed:8261369
@dps-begin:
28820,12037,18054,27559
8730,19118,38702
13890,13702,2025,14634
9235,40007,34585,7068
22784,17153,3156,18764
21904,13641,5097,5708
23784,27130,41707,9261,32526
19216,23873,3994
44289,4337,23892,28074,43118
13253,41477,21544,22664,5388,16126
@dps-end:
