@rep:1
@time:11.239
@trys:441400
@seed:179424673
@dps-begin:
2673,5155,1747,5707
4082,2884,997,4877
339,3972,1333,2678
3776,2149,1114,3615
769,5107,3689,602
225,1783,4247,5086
2887,857,4093,5597
3958,1498,3100
4707,5443,5094
2899,3543,5322,603,2751,3791
@dps-end:
@rep:2
@time:11.203
@trys:441400
@seed:125164703
@dps-begin:
3232,564,4940,2367
1872,4644,2842
5443,4440,2863
4930,2260,2341,471,3757
2864,4352,5491,294,56,3675
2673,1282,695
5002,4683,2299,4461,190
1616,4004,1613,4495
5060,1496,220,4911
1443,4677,2715,3630
@dps-end:
@rep:3
@time:11.097
@trys:441400
@seed:132011827
@dps-begin:
837,2888,504,749
5008,2867,2396,5038
4560,5733,3783,376
3831,2857,5579
1339,2829,3470
601,4554,3773
195,3415,2955,2059,3901
4532,3415,4203,3534,2942,4079
2436,1926,2879,2863,5119
3426,1626,4413,5103
@dps-end:
@rep:4
@time:11.425
@trys:441400
@seed:124987441
@dps-begin:
1763,1379,4980,2887
5056,3523,378,2271
960,4690,3316,5675
3443,1066,5421
457,3113,4603,4110
1632,4278,3607,74
4033,4263,4393,5259,2269
1478,2567
544,1506,894,1535
2434,4092,2316,5103
@dps-end:
@rep:5
@time:11.091
@trys:441400
@seed:123979721
@dps-begin:
450,4134,5209,2477
4514,4898,293,1355
1600,3523,507,447
5378,276,1444,4780,5373
1650,4802,2266,2430
4282,4442,1981,4638
2081,5541,261,4494
721,1233,1876,2811,2238
640,3122,2616,2266
5129,4362,4666,1102
@dps-end:
@rep:6
@time:11.121
@trys:441400
@seed:119777719
@dps-begin:
4803,2196,4215,39,4700
710,4299,1371
2161,2500,3726
1187,4520,3849,1322
4242,4020,5064,1000,1818
1872,5056,4692,4470,5323
4528,2723,4889,2730,1050,2811
3216,5685,619,1467
1209,2906,3116
931,2741,3751,5672,776,5385
@dps-end:
@rep:7
@time:11.207
@trys:441400
@seed:117705823
@dps-begin:
2899,5397,2957
1346,2680,10
2840,2651,1148,1487
3874,5652,1302,4054,1641
2915,3668,907
4886,1480
3669,4217,3434
4625,1195,5596,4157
2849,5577,5196,3582
2739,2037,301
@dps-end:
@rep:8
@time:11.214
@trys:441400
@seed:112131119
@dps-begin:
128,2837,4399
618,4139,46,4895
5408,2875,1995,3228,4527
3031,4919,2811,2429
4192,2916,2678,5416,122
3120,4938,3228
4176,3940,2680
3232,3011,2104,2458,1070
2265,1498,1583
2784,5379,2309
@dps-end:
@rep:9
@time:11.059
@trys:441400
@seed:108626351
@dps-begin:
4983,5179,4175,1727
2518,1078,2236,3743
273,2628,3812,5526
3238,458,4300,5245,3966
4009,845
3856,4817,3906,2823,268
3319,5336,3353,734
3746,3092,4805,4919,2186,2781
5027,3273,5404,3180,572
1108,1450,3998,5183
@dps-end:
@rep:10
@time:10.955
@trys:441400
@seed:107980007
@dps-begin:
3443,5418,3726,542,591
0,3537,1476,4555
4704,1609,4477
652,2701,2221
517,1397,2636,5053
4724,4536,4621,2879
4117,2717
2529,1009,4147,2519,4282
4403,2678,3479,5723,3998
2850,1796,1157,953,749
@dps-end:
@rep:11
@time:11.112
@trys:441400
@seed:106368047
@dps-begin:
5653,4870,2631,3530,1946,4527
2036,2853,1995,2687
882,5397,2678,1035
5408,1668,3332,4042,4205,5775
2823,5017,4333,3150
225,3523,2861,3165
4144,3047,2778,1836,4653
3312,1,5751,2091
5424,5672,2186,29
2338,4826,2223
@dps-end:
@rep:12
@time:11.071
@trys:441400
@seed:99187427
@dps-begin:
3696,3348,5467,2829
3347,2888,5262
3669,2967,729,1995
2867,806,1814,1786
2673,3697,663,204
2674,1506,738,319
1872,3815,1519
3682,4044,3005,2495,1423
784,4944,1365,4494
4952,2827,5085
@dps-end:
@rep:13
@time:11.183
@trys:441400
@seed:98976029
@dps-begin:
2192,1459,2709,2295
276,4564,649,2605
4801,3145,2075,3550
3299,1944,1307
4160,2864,1713,1748
4418,3190,220,4926
3634,550,2813,4637,655
3794,261,2694,2583,2396
2256,4625,5617,3189,234
4770,4600,2649,3740
@dps-end:
@rep:14
@time:11.141
@trys:441400
@seed:97875523
@dps-begin:
2913,345,1417,3369
2103,2861,4381,4638
1460,3528,27,1102
4810,4205,4701
5553,3153,1833,1468,5133
3796,4759,298,1981
5568,4364,3917,3583
2901,56,5675,237
2,2115,3221,4089,2634
5408,2754,5109,3615
@dps-end:
@rep:15
@time:11.028
@trys:441400
@seed:96763291
@dps-begin:
1271,3704,4971,5743
4053,2682,255
2400,4867,2949,234,2863
1318,330
2116,1530,5050
880,5474,3299,4382
865,3986,978,1911,1866
2322,3111,4599
5016,1337,378
1777,4626,357,2989
@dps-end:
@rep:16
@time:11.147
@trys:441400
@seed:95808337
@dps-begin:
4021,5228,1596
5590,2831
3976,1530,2875,557
5416,2697,4682,1962
1393,5672,1241,3849,3163
1648,1492,4278,3545,4909
2196,2325,600,5194,139
2116,2701
1049,1625,3658,268,1838
3815,5367,1565,3583
@dps-end:
@rep:17
@time:11.161
@trys:441400
@seed:94847387
@dps-begin:
4277,312,1436
2084,3158,2214,3256,2334
4193,4770,5032,729
1602,2806,3751,2744
3781,264,3547,3758,1039
5315,4779,5435,3644,4076
2272,1905,4386,1492,4653
784,401,3975,5563,4781
4487,299,443,3852
1749,4618,2859
@dps-end:
@rep:18
@time:11.274
@trys:441400
@seed:87552823
@dps-begin:
2214,2840
2194,4629,2325,3656,4523
4512,2867,2884,3349,3208
5225,524,2541,319
2864,2806,3734,2446
288,4450,3720,3097,5694
3973,987,3054
1508,2664,1144,460
4388,4549,615,1868,3439
757,1718,2718,5230
@dps-end:
@rep:19
@time:11.34
@trys:441400
@seed:86842271
@dps-begin:
3240,2553,1097,1946,3035
2130,4921,4716,1678
1333,2831
5777,4739,4458,2922,2989
3044,1480,474
4805,1480,1450,3787
4852,1432,2808
2327,4746,2796
5233,88,1065,4554
3248,562,1988,1462,2632
@dps-end:
@rep:20
@time:11.074
@trys:441400
@seed:80650457
@dps-begin:
3730,914,4872,4987
2161,3686,2811
5184,4594,4887,4872
2832,4914,5075,3271,1195
1269,3902,5566,95
2120,2669,5342
1448,2648,1545,5052,1295
1713,4041,62
2744,2330,3165
2674,2805,5740
@dps-end:
@rep:21
@time:11.177
@trys:441400
@seed:78220001
@dps-begin:
1072,116,5319,2863
2864,3410,1805,190
4273,3299,4468,30
2976,9,1530,4143
1555,1307,270
5152,2824,1630
4688,5093,3110,1672,4509
5763,1340,493,5341,1406
2673,2644,5751
3125,1527,5259,172,5599
@dps-end:
@rep:22
@time:11.172
@trys:441400
@seed:74585729
@dps-begin:
2005,4502,1463,4938
5361,119,783
1536,3376,2081,477
3235,3662,2126,4207
4352,5712,3209,3182,2255,1711
4464,1957,1192,5355,4907
3744,722,3637,821,2374,4571
3,1463,5463,1596,2847
5052,3276
1703,2794,4621
@dps-end:
@rep:23
@time:11.233
@trys:441400
@seed:73852469
@dps-begin:
1939,4971,830
5682,742,472,4957,2863
3041,149,303,3135
5168,225,187,5199
4626,3507,2680
2561,1826,2871,3369,2814
2194,4163,3222,745,890,845
3905,5762,4516,2559
5701,3446,4287,2287
3969,1686,4648,5341
@dps-end:
@rep:24
@time:11.206
@trys:441400
@seed:68750849
@dps-begin:
1200,3014,3063
1762,1604,956,5804
1495,4696,220
4720,5333,1062,2845
2881,3556
5489,306,3382
5060,1979,3563,1980,2813,285
1716,405,5291
450,4210,4119,279,3303,5595
5585,691,5001,1563
@dps-end:
@rep:25
@time:11.212
@trys:441400
@seed:58160551
@dps-begin:
2832,1253,1657,5439
3122,1387,5342
2309,5109,1242,4364
2116,4820,1205,167,3050,2300
49,2275,5701,5720,4687
5108,2806,5167
2691,2285,1998,127
1188,4870,5687,4314
1249,1780,2534,3223
3044,5319,5307
@dps-end:
@rep:26
@time:11.054
@trys:441400
@seed:45320477
@dps-begin:
3698,4119,972,4126,2607
3729,4805,1191,2842,2348
882,1988,5807,5279
881,2325,5159,5532,2367
753,4836,5641,2445
3381,5045,1110,2697
4401,2850,2744,5309,2190
5064,2059,5052,109
3441,4600,104,4427
931,2278,2791,5256,5355,4606
@dps-end:
@rep:27
@time:11.134
@trys:441400
@seed:31913771
@dps-begin:
5648,2837,3301,5129
2597,2168,4825,1658,799
2824,4746
5062,3064,3226
4036,629,3821,4766
2838,2586,955,1375
4864,1423
1219,117,3899,238,1038
1428,2550,1224
855,2861
@dps-end:
@rep:28
@time:11.135
@trys:441400
@seed:24096223
@dps-begin:
3251,4040,2250,780
2688,2615,4844,5613
5669,4280,4235
4277,2678
3568,1496,2783
3488,5443,2694,3832,2652
1617,2135,3931,1916,236
4326,1000,5064,4618,4686
4946,978,1640,824,4015
4117,776,4299
@dps-end:
@rep:29
@time:11.056
@trys:441400
@seed:16980937
@dps-begin:
1592,2715,798,767
3184,2064,2850
2692,3365,1143,1327
576,5092,5085,4942
4816,3361,498,2840,1464
465,4388,1236,3085
3792,5032,2009
3696,482,4355,1337,1373,3183
2521,2379,4507,1069,5614
3014,4310,4039,3372,2670
@dps-end:
@rep:30
@time:11.082
@trys:441400
@seed:8261369
@dps-begin:
1408,5138,3815,1930
466,845,4590
2626,4228,5429,1432,5626
66,1301,1447,295,5626,3387
2116,2709,3927,1565
1300,3639,458,3147,3564
674,5428,4844
1137,5,3846,1961,2028
3235,1333,1349,5049
3379,3624,1454,1870
@dps-end:
