@rep:1
@time:40.297
@trys:441400
@seed:179424673
@dps-begin:
800,22489,7645
7632,5543,16233,22442
21028,15668,349
15008,9169,1991,19631
6801,23877,21686,808,6156
15713,5748,20180,4763
12960,20881,11161,23065,23404
1623,7705,3708
17861,15014,4235,21133
12770,4744,17144,20030
@dps-end:
@rep:2
@time:40.035
@trys:441400
@seed:125164703
@dps-begin:
1522,10516,22079
19361,4098,2514,20537,2142
5888,5253,14694,15575
3474,5908,14632,7673,11578
468,7033,18460,18509
18401,17400,6490,11068,637,23230
2432,19139,18388,15114
2201,2714,18511
9569,2263,23242,21566
24880,8403
@dps-end:
@rep:3
@time:39.906
@trys:441400
@seed:132011827
@dps-begin:
9569,12939,19740,3565
19168,21571,20694,18319
17489,13475,21876,5208,24558
3408,11714,12183,18568
20868,24027,12668
9764,18491,5983
12022,23294
16577,16435,9988,9550
4176,22658,13272,17039
9073,22996,6682,1006
@dps-end:
@rep:4
@time:40.428
@trys:441400
@seed:124987441
@dps-begin:
18725,7126,15672,6159
5794,5145
20576,21962,19643
3826,23493,17032,18556,21790
2592,18055,4042,15071
20386,7475,10342,6777
11168,1842,18036
6611,24070,2699,23311
6659,24568,6378,4010,14349
22464,12032,24424,16509
@dps-end:
@rep:5
@time:40.675
@trys:441400
@seed:123979721
@dps-begin:
1124,16318,6510,9695
18658,677,619
16924,6175,12831
4475,6076,9870
4224,24949,7959
8307,11577,7130,19051
24098,23813
14891,14092,6831,6719
13124,17485
18896,849,23388
@dps-end:
@rep:6
@time:40.711
@trys:441400
@seed:119777719
@dps-begin:
11668,19574,1946
15970,14068,8244,21069
6695,9927,22168,19421
8176,6273,8419,21419,1870
4161,1378,24263,18015
21091,24149,1590,22071
690,19240,10056,3916,8925,17006
9408,6521,7722,11307
1681,2627,8525
4256,13633,23354
@dps-end:
@rep:7
@time:40.667
@trys:441400
@seed:117705823
@dps-begin:
14003,16580,1544,6348
13380,7797,5852,1934
24256,24883,3973,12363
18066,4941
15217,10245,13929,699,22686
3076,21610,18636
2246,21752
13955,15541,19670,5645,78
20160,17494,10510,3902
7155,6153,6364
@dps-end:
@rep:8
@time:40.934
@trys:441400
@seed:112131119
@dps-begin:
23191,5721,8907,22333
16723,14046
20708,18597,5525,843
1842,11467,14045,21934,3007
14785,4611,14094
15520,15456,18868,20759
24304,6268,22063
9778,22803,13260,14318
17920,9315,7636,18282,1050,18507
21952,2240,5464,14751
@dps-end:
@rep:9
@time:40.22
@trys:441400
@seed:108626351
@dps-begin:
817,25065,10028,20862
9737,18011,8427,12029
7664,5056,8933,10807,21786
21107,16634,541
14803,5411,15640,22043
20929,1473,11978,5087
1920,23910,20682
19729,24645,23126,16075,6156
20533,20859,2299,13022,5279
11062,25223,9066,6127
@dps-end:
@rep:10
@time:40.175
@trys:441400
@seed:107980007
@dps-begin:
6483,7764,8118,15592
12512,16713,7595,21244,22237
18182,15035,9787,4525
6920,12059,19131,10062
21841,2842,5115
23504,20535,21199
13222,8215,9881,10522,17630
2033,16833,23686,18135,6090
14219,5819,15485
20919,5128,13497,20539
@dps-end:
@rep:11
@time:40.516
@trys:441400
@seed:106368047
@dps-begin:
15552,7475,15431,22840
25171,14259,23033,8717
20740,8694,12374,5240,22638
10146,19397,3066,4830
753,1026,6361,1084,21279
18977,14007,8763,5949,19533
19826,3832,15276,21917,17853
6147,22580,1540,4568,23471
8741,5836,4173,15806
2021,14966,18507
@dps-end:
@rep:12
@time:40.507
@trys:441400
@seed:99187427
@dps-begin:
20608,19314,21346,23347
2248,808,20221
5925,2534,11308,6701
16624,2452,20488,17951
6834,13588,14886,10678
16021,9193,13198
4944,12210,23236,15623
15395,16313,13468,20783
9618,4153,15514
21056,3020,15710,6559
@dps-end:
@rep:13
@time:39.765
@trys:441400
@seed:98976029
@dps-begin:
6992,1781,21894,5595
11125,22539,7023
14648,6926,23326
1573,3005,16895
7329,3604,6548,5416
15584,867,18835,12828
15427,19608,7528
22695,11468,1341,19567
23841,23986,20322,16733
15686,11082,8938
@dps-end:
@rep:14
@time:39.76
@trys:441400
@seed:97875523
@dps-begin:
15154,2999,3246
8336,21732,23851,20604
17552,2757,22829,9534
16323,3763,19349
21206,23710
1203,23845,3173
2084,21914,11050,24733
10532,16164
25063,19303,6553,4347,5854,24223
7554,23510,7815,19545
@dps-end:
@rep:15
@time:39.754
@trys:441400
@seed:96763291
@dps-begin:
24208,14928,24273,14996,19358
10321,1302,16103,11821
8432,3633,21283,23958,271,13199
17920,16449,12722,3538,17097
15008,22243,5785,13727
9621,5990,4108
2240,24278,12061
18832,20656,15181
23873,10801,24440
7920,11825,13943,15068,18159
@dps-end:
@rep:16
@time:40.52
@trys:441400
@seed:95808337
@dps-begin:
21904,14660,12061,10142
7874,11862,18091,23599
12976,25015,20745,23163
17331,19523,8886,1210,3373
163,19046,7420,21454
993,13610,20252,16412,13853
22055,22567,17946,23294
24705,11747,18052,15081,5790
7586,1866,24669
9616,8437,24040,17929
@dps-end:
@rep:17
@time:40.79
@trys:441400
@seed:94847387
@dps-begin:
22514,23653,16057,22059,6831
21369,14891,5342
15412,8665,18154,19295
20113,7682,17032,14783
3557,12217,14363,13227
16666,17885,13854
24647,22184,22297,10893
1002,15451,19055
11841,16550,16376,25082,20781
20784,14560,9408,12271
@dps-end:
@rep:18
@time:40.432
@trys:441400
@seed:87552823
@dps-begin:
17270,5254,21115,4365
9152,1547,15517
20932,23685,1157,9367,11735,425
11703,18792,2249,8554
9442,20151,18238
21221,22638
1459,24663,9583
12374,24746,24923,23180
8115,18773,9903,8799
16776,24553,24169,25146,110
@dps-end:
@rep:19
@time:40.628
@trys:441400
@seed:86842271
@dps-begin:
14388,10919,6136,25022
23360,4977,23617,20501,12477,3775
21539,4091,12188,22830
10420,20519,13503
17281,16933,18186,18477
4320,14082,19331,9957,17289,15803
23937,1169,10150,21084,4462
13024,9792,18610,2983,24543
1764,23643,14316,9598,24686
23273,1564,23230
@dps-end:
@rep:20
@time:40.403
@trys:441400
@seed:80650457
@dps-begin:
9268,20644,6951,2280
19751,857,16458,20732
22336,10441,9114,18815,7823
15075,229,15928,12381
8132,8902,22598,13128,11886
2674,7334,15319,11783,5737
17233,21634,850,5685
7504,10193,10266,1740,6572
932,1303,3880
15683,21752
@dps-end:
@rep:21
@time:40.436
@trys:441400
@seed:78220001
@dps-begin:
7568,19520,5970,25030
512,17235,22645,16939
11780,17764
24225,11671,5914
23154,4964,6918,6104,12616
22535,11419,1006
11687,24231,23466,17595,8798
2722,3159,5464,23931,18476,5036
24083,21718,18614,10781,13918
12564,17318,24760,13176
@dps-end:
@rep:22
@time:40.763
@trys:441400
@seed:74585729
@dps-begin:
15114,11595,17180,11326
10596,13832,2328
3568,11907,1860,3292
21828,14278,15374
4455,23016,14749
11250,611,8852,4077
7978,6831
10369,13859,4260,966
19552,1937,915,11619,12600
21939,16388,12821,492,22637
@dps-end:
@rep:23
@time:40.908
@trys:441400
@seed:73852469
@dps-begin:
6785,8649,13386,6589
4273,11955,15173,18858,11583
18979,19382,5495,17625
13605,19658,14956
5138,4357,4599,19661
739,5301,15847,8095,639
23779,23923,10198,23469
8182,3751,18830,6831
11426,14501,4471
3001,7466,6666
@dps-end:
@rep:24
@time:41.271
@trys:441400
@seed:68750849
@dps-begin:
13100,12061,22959
15634,11908,7417,22939,17564
11978,13307
6176,17747,10023
11264,4276,21466
24624,15578,20842
9924,8943
6417,17460,8263,21881,16186,20524
1764,11237
5301,8391,17195,4156
@dps-end:
@rep:25
@time:40.295
@trys:441400
@seed:58160551
@dps-begin:
13202,13459,16006,11611,16046
13376,7315,9846,19087
1411,10595,4451,19645,22142
21923,18984,17466,8943
21632,117,2186,460,13742
2484,6089,9578,12890
17348,24132,8393,13691,7564,1373
9505,12918,11304,22955
20597,14907,14847
18305,17811,14347,23404
@dps-end:
@rep:26
@time:39.708
@trys:441400
@seed:45320477
@dps-begin:
2097,17826,6173
4822,10696,5020,17950,12463
12178,5565,14975
15344,8775,13215
24033,5782,24986,15355
23441,19153,4148
14870,6038,24174
17636,25045,21560,7114
1345,20837,6313
13314,16311,22264,2568,3422
@dps-end:
@rep:27
@time:39.812
@trys:441400
@seed:31913771
@dps-begin:
6834,2388,7560,21642
21153,3370,7659
17713,15635,23609
23552,6307,15172,4186,24074
1267,16582,3576,7849
19153,18292,23832,5612
17428,16933,17594,14525
86,3629
20403,24884,7324,20159
11446,2776,12044,22990
@dps-end:
@rep:28
@time:41.013
@trys:441400
@seed:24096223
@dps-begin:
6868,16773,16043,11311
21329,407,16956,24365
11956,169,1037,5823
10725,23445,3802
1977,11643,8299,15278
11729,5059,13205,7899
14529,21653,20217,2445,19423
15287,13820,13004
14560,23971,8585,12331
20227,17753,5961
@dps-end:
@rep:29
@time:40.342
@trys:441400
@seed:16980937
@dps-begin:
3956,22278,13271,9835
784,14546,24596,14101
11024,16353,18339,2751
5920,5382,2119,17450
24880,5939
1121,2596,15674,19295
4451,13460,17449,23961,6649
8464,17083,12927,21535,447
15824,17513,23658
24436,14422,21559,22186,18655
@dps-end:
@rep:30
@time:39.861
@trys:441400
@seed:8261369
@dps-begin:
19218,5826,8662,3655,12699
13221,18394,6286,20047
16823,810,5918
456,23386,10028,3933,1341
6737,8946,8117,24729,16315
20165,9143,22777,19661,23503
14513,22542
16930,8851,5812,18135,2152,24700
5749,10023,587,5340
11172,17722,3450,764,268
@dps-end:
