@rep:1
@time:70.498
@trys:441400
@seed:179424673
@dps-begin:
22169,3581,29135,32751
18556
8625,6200
30761,19503
21025,15814,6537,27404
19219,4805,19450,37854
20390,31946,38989
1230,20063
31939,35300,3177,1180
23161,5695
@dps-end:
@rep:2
@time:70.173
@trys:441400
@seed:125164703
@dps-begin:
21330,6620,19327
17664,5651,1510,35003,24031
27140,25832,9085
8504,37499,38877
22001,2657,18124,7966
40548,28603,31547,35611
24177,23331,19974,38730
24660,2490,24427,24973
2099,24677
17795,7989,37674,40636
@dps-end:
@rep:3
@time:70.683
@trys:441400
@seed:132011827
@dps-begin:
17206,43974
38854,23834,12428,42013
15843,26581,39,44296
22115,13354,18685
11099,15245
12993,27393,25273,12588,39277
17553,14212,24990
16240,7682,25422,34942,37359
13367,24586,24716,36527
16241,37924,30901,21054
@dps-end:
@rep:4
@time:71.96
@trys:441400
@seed:124987441
@dps-begin:
10866,6069,31095,31260
26533,18367
44338,30594,12328,22351
26579,37957,42540,19487
8244,20633,35163,24238
7255,37321,825,14971
35808,3943,232,26414
6160,15620,15961,16812
3594,36877,43311
29810,15444,24167,22007
@dps-end:
@rep:5
@time:70.616
@trys:441400
@seed:123979721
@dps-begin:
12069,1591,31448,42200
44355,29273,37470
8512,4544,7116
13113,41454,28991
9425,24726,15528,5147,28398
35634,35667,4723,30677,20527
6911
42689,12988,32380,21053
13057,21524,12012,9373
24452,15271,33833,36025,15867
@dps-end:
@rep:6
@time:70.362
@trys:441400
@seed:119777719
@dps-begin:
40257,31221,25839
13203,19752,8527
32148,34647,23769
42627,37476,12437
31910,4317,7166,23438
39434,25037
32065
24080,27271,19066,25439
15824,8785,17269,16812
9761
@dps-end:
@rep:7
@time:70.177
@trys:441400
@seed:117705823
@dps-begin:
12550,825,16203,16383
42803,1514,13354
40352,3745,8604,23933
16218,21181,25806
23744,23960,39581,23646
9618,9928,11769,32062
28502,8696
579,16712,27801,22891
25475,4390,27334,37335,30700
28018,23171
@dps-end:
@rep:8
@time:70.352
@trys:441400
@seed:112131119
@dps-begin:
25010,37401,19741
3201,12852,12777,25519
33572,13319
41204,166,10395
13173,9477,16042,23983
24052,16698,7340
703,39039,34383
3109,25478,695,10494
37201,29236,10806
34483,6404,9126,5399,27353,3437
@dps-end:
@rep:9
@time:70.291
@trys:441400
@seed:108626351
@dps-begin:
16050,23161,398
7441,8531,2523,16430
23785,24863
37466,4811,28171,44158
29810,17266,12611,852,3774
30625,1640,6317
30656,6994,41026
34435,22150,42094
24645,30550,24663,7895,29694
17749,441,36617,36767
@dps-end:
@rep:10
@time:71.019
@trys:441400
@seed:107980007
@dps-begin:
6721,6679,39208,7533
24129,12226,31966
2997,21529,36954,14044
21460,18201,40570,35309
9409,14019,22153,19722
38561,33155,21065,6974
12035,40676,21255,10330,41310
9408,31801,8589
29697,14149,37434,9038
28386,43059,13678
@dps-end:
@rep:11
@time:70.507
@trys:441400
@seed:106368047
@dps-begin:
37388,9517,37629
10675,16503,38584,5500
3570,22579,26774
27312,24098,21015,3354
34852,25866,18765,13597
18483,25270,2567,5833,40911
35355,23389
43878,27799,24061,19630
25348,24763,16092
4016,16996,17418,12875
@dps-end:
@rep:12
@time:69.882
@trys:441400
@seed:99187427
@dps-begin:
35939,31467,39806
30856,15037,20430
38720,39633,35251
36553,41262
19490,5564,7260,43806
40068,31238,10747,28079
13664,13048,31209,21211,44300
3669,38154
7185,40852,39223,23967
21232,6089,28861
@dps-end:
@rep:13
@time:70.678
@trys:441400
@seed:98976029
@dps-begin:
34898,19735,37548
20833,17865,12715,2589
36050,2901,19736
21449,21930,35612,41279
16226,16979,10938,40538
39389,38494,24735
43347,21644
18273,1516
43017,17215
40740,6662,32791,27501
@dps-end:
@rep:14
@time:70.083
@trys:441400
@seed:97875523
@dps-begin:
15104,8046
35694,5775
41298,26914,3803
14723,36285
22248,34426,13676,19548,5885
39445,26053,9014,29167
41334,19464,3146,6780
27504,3392,8628,474
2257,39331,24726
39186,12210,31159,36765
@dps-end:
@rep:15
@time:70.57
@trys:441400
@seed:96763291
@dps-begin:
9611,35694,26654,10766
21681,27346,25140,17383,7274
43559,31799,2311,38922,30479
40272,43682,33143,44059
36497,1073,33874,36526
897,26425,34906,43980
37395,12715,4590
43392,4056,6251,23053
28640,39223,23705,33727
13667,35182,8575
@dps-end:
@rep:16
@time:71.024
@trys:441400
@seed:95808337
@dps-begin:
12193,8780,21535
26784,28851,41559
18183,39481,13471
10935,29738,10063
5314,5763,173,26191
22933,26696,27706,8590,2222
6277,31318
28256,1393,17655,4172
11906,4873,35802
40410,26524
@dps-end:
@rep:17
@time:70.582
@trys:441400
@seed:94847387
@dps-begin:
6820,3333,21638
42403,33977,1820
36741,42073,27325,10621,12670
9312,19441,39859
38145,29459,10869,4102,15335
23408,42146,11572,7821
32571,24891,39806,39774
4432,41689,6638
35432,3738,8906,26492,8014
11474,35021
@dps-end:
@rep:18
@time:70.306
@trys:441400
@seed:87552823
@dps-begin:
13077,36502,32089
40423,24968,12777,41854
1029,12603,4093
12016,31581,9021
36746,27741,3886
33584,18066,24277,4440,4811
39063
30432,39761,24978,20567
6608,30001,41334,44153,30604
2065,43810,44133,42777,15391
@dps-end:
@rep:19
@time:70.408
@trys:441400
@seed:86842271
@dps-begin:
39642,8623
6438,22566,40153
19162,9884,3822
23441,6620,31660
21137,28419,24793
23942,43654,37823
18949,5929
20608,37785
26640,39936,30727,38063
5842,24102,25624,40189
@dps-end:
@rep:20
@time:70.536
@trys:441400
@seed:80650457
@dps-begin:
40000,12789,8876,14366
705,29302,12154
9425,40747,7293
33847,10745,23789,3167
8130,17379,10151,37821
14160,29384,21275,9198
5281,32454,9865
32998
9766,630,4717
21288,25326
@dps-end:
@rep:21
@time:70.172
@trys:441400
@seed:78220001
@dps-begin:
28962,7507,38067,39481
41537,25702,1565
34001,32291,37221,8222
8178,42157,36735
24114,22548,19190,34269
18611,40341,18454,32553,38718
16872,32826,36093
20278,40940,22782
15267,7462,21194
36178,36210,29847,5626,32459
@dps-end:
@rep:22
@time:70.471
@trys:441400
@seed:74585729
@dps-begin:
29226,40331,26300
38035,4564,27657
7872,37139,39430,3789
44180,6172,9343
30560,30004,1526,16668,24813,20942
22850,15053,238,42526
4930,34917
4705,38018,949,44122
10215,6907,11212
8899,19787,10028
@dps-end:
@rep:23
@time:70.365
@trys:441400
@seed:73852469
@dps-begin:
10869,19414,24088
21025,36645,33368
34194,19828,40022,9291
5094,24039,25839
13940,42085,28890,40586,1516
36698,23100,37262
43617,21011,43846,14270
42545,42178
34022,8810,41836
20109,26863
@dps-end:
@rep:24
@time:70.931
@trys:441400
@seed:68750849
@dps-begin:
23408,25088,28199
38994,28615,36392,5821
37205,5381,29830,44428
10099,4093,687
25617,10808,42393,1230
30466,12323,25210,28748
6532,2485,9480,13337,20236
40192,26119,11212
42262,41900
2691,10902,10280,35340,20876
@dps-end:
@rep:25
@time:69.973
@trys:441400
@seed:58160551
@dps-begin:
7398,13288,764
37205,27646
18994,14355,10404,41765
41792,22834,39463,15594,26255
22852,2645,38602
22610,21608,39945,43566
18133,15433,5292
21844,31722,35195
1976,36827,19643,28444
10873,2937
@dps-end:
@rep:26
@time:69.888
@trys:441400
@seed:45320477
@dps-begin:
12715
23760
32244,18984,32089,18957
30992,26353,39843,33895,23597
22324,40345
9761
14976,12392,9933
23824,21539,25348,14766
13713,14950,19142
39627,40475,18043,7932
@dps-end:
@rep:27
@time:70.449
@trys:441400
@seed:31913771
@dps-begin:
24771,8243,43949
5269,9386,37547
17888,37601,44406
22164,35000,42123,23101
39912,13032,40776,15740
4544,3360,35287,38440
37168,28673,1349
33971,12456,28958,4751
34019,1337
39026,6530,16199,7099
@dps-end:
@rep:28
@time:70.415
@trys:441400
@seed:24096223
@dps-begin:
7172,27204
27281,12503,43726
44115,9223
20289,33651,18487,37434
9085
34917,19015,31179,13483,24686
10716,11885
42304,19476,4076,17646
16369,34248,27403,13436,20446
11716,1861,42311,15176,42200
@dps-end:
@rep:29
@time:69.992
@trys:441400
@seed:16980937
@dps-begin:
43497,32186,42987
23458,28298,4381,41295
30947,2329,22971,8765
38114,20067,19592,35246
8400,16835,34553
13072,21067,6430
8810,38091,25757,39967
8002,21315
10132,25590
42775,13676,22590,43950
@dps-end:
@rep:30
@time:70.074
@trys:441400
@seed:8261369
@dps-begin:
39092,34204
24163,26310,34760,2107
39669,22104,20778,36650
29363,28411,12190
2707,7018
28209,4074,1162
9121,36630,19225,6158
27013,32024,38413,42303
8625
23344,25621,28854,8239
@dps-end:
