@rep:1
@time:18.051
@trys:441400
@seed:179424673
@dps-begin:
19776,2245,16828,21997,13005
14472,14008,20089,24637
9625,22878
16561,13829,9913
14289,5749,4487,5495
21826,17513,13198
1894,23814,19961,6026,7997,6909,5598
23746,17304,14713,4205,703
10609,13043,7526,4408,6909
15857,21249,9842,18744
@dps-end:
@rep:2
@time:18.102
@trys:441400
@seed:125164703
@dps-begin:
169,4155,11596,158
22898,14466,23175,10201
14613,888,16072,169,6172
8674,9445,4262,14635,24876,1535
18465,20484,18692,18790,12766
3600,16513,6418,9479,10791
25154,18245,11323,12013,10286,15535
24240,11137,13794,5464,13769,10569,14
11665,24195,999,5672,20233,3948
18786,2040,24601
@dps-end:
@rep:3
@time:18.181
@trys:441400
@seed:132011827
@dps-begin:
23313,1989,6120,22507,8333,17471
6064,14208,15445,16501,24103,12599,4686
23027,5688,10795,3949,8238
21602,14214,1850,5983
16724,2919,19832,5177,602,19723
10657,5333,9863,2296,21950,14463
24032,21836,6781,14895
15360,22002,15918,14607,5183
16752,18146,10164,22317
24434,4515,4532,15772,4076,14495
@dps-end:
@rep:4
@time:17.765
@trys:441400
@seed:124987441
@dps-begin:
8066,23255,1815,14457,20508
21380,20421,6725,14907,3053
17878,11929,11833,18956,9647,31
16562,5061,1369,24732,18030
22403,20090,3979,12940,20508,21678
14400,8257,17466,17099,12799
18978,17828,15190,2040,17759
14784,997,4845
13584,25120,19109,24807,8633
21650,14453,17628
@dps-end:
@rep:5
@time:18.035
@trys:441400
@seed:123979721
@dps-begin:
2177,4,19300,4487
12669,12206
10966,14983,25096,4732,5789,24318
21858,17797,18648,22184,16808,2186,20781
13847,24477
2467,24341,7449,6489,20987
14256,23482,11258,9774
13763,1318,14475,6879,19359
17029,16328,2089,9451
8484,24406,13624,1835,18157,11245,6319
@dps-end:
@rep:6
@time:17.839
@trys:441400
@seed:119777719
@dps-begin:
5285,14824,2602,22862
7408,20679,1543,22409,1695
18257,6011,17103
20449,16131,19707,20751
11906,22659,470,23212
514,12744,21228,7405,13117
5377,24003,7779,19926,6349
17507,22388,24103,23911,1310,15742
2152,1053
6832,9714,22355,18875
@dps-end:
@rep:7
@time:17.832
@trys:441400
@seed:117705823
@dps-begin:
9552,15993,7723,4332,23357
6709,10533,17800,21773,16493,3374
6372,6825,14507,16719,12687
5366,14984,24860
16304,15605,4397
4128,9729,20019,1140,11815,13434,9565
11504,6401,9578
2323,14901,12261,4216,19870
21763,3655,7831,2776,12091
6832,16253,16446,8671
@dps-end:
@rep:8
@time:17.924
@trys:441400
@seed:112131119
@dps-begin:
11476,18021,22106,6011,5870,16847
11152,13922,12179,8567,14812,23870
5426,7180,4845,6719
1634,2964,12630,4443,9726
15654,21034,13627,2686
13426,6389,2518,14855,16697,25209,13566
24931,22518,297
23154,10996,999,23816,3592,23212,1357,767
1856,25106,24163,16884,17046,11822
16480,2821,13030,1334,13160,12009
@dps-end:
@rep:9
@time:17.769
@trys:441400
@seed:108626351
@dps-begin:
4528,18659,21302,14875,6319
19152,10467,13173,12997,18250
16005,745,1628,7005,21022
11554,436,8777,19660,22604
22496,10179,602,11294
24928,6307,9316,8026,1067,7567
18210,23202,21176,18377,16361,23614
17172,9767,12760,17291,17502,10383
7028,7397,14901,11608,7707,9983
16576,18353,11751,170,1518
@dps-end:
@rep:10
@time:17.876
@trys:441400
@seed:107980007
@dps-begin:
13537,11635,13495
192,8338,16949,11963,4414
12545,4723,17940,10102,22494
15986,14762,21342
10304,4742,20572,16301,14383
16642,3540,20744,3467,17581,20318,12862
10625,14914,8230,15946,396
3056,6213,13196
9738,22906,21005,4461,16063
12529,13608,19321,19484,20687
@dps-end:
@rep:11
@time:17.76
@trys:441400
@seed:106368047
@dps-begin:
2640,24917,24631,8443
24641,21730,21786,22891,1869
3159,19687,13704,9002
19041,10402,11028,16036,2949,11180
3600,23474,12340
20505,23770,2842,22555,10477
16352,8630,6089,14287,15359
6115,16072,9961,21771
931,9875,2196,8536,24412,20126
5833,2379,15967
@dps-end:
@rep:12
@time:17.879
@trys:441400
@seed:99187427
@dps-begin:
19511,3735,25175,17759
8867,14791,13741,24895
10676,15176,6011,7468,5343
19157,14696,9802
9521,12242,22666,428,14796
15636,10566,15304,19914,6283
23412,4900,22614,10569,2971
13184,12283,189
19424,14961,19475,10456,6442
7313,17381,16312,41,1161,15338,20222
@dps-end:
@rep:13
@time:17.985
@trys:441400
@seed:98976029
@dps-begin:
7480,5497,20394,10906
19330,13413,7478,1510,14008,14057
14545,1297,20595,15140,21375
7265,15794,16036,23780,13061
20900,11766,7740,19837
12721,20948,16327,5439
17920,13825,24155
13024,13624,5560
17586,6420,8455,3882,22607
4992,21458,20389,21381,19479,3646
@dps-end:
@rep:14
@time:17.944
@trys:441400
@seed:97875523
@dps-begin:
10214,23418,10107,3278,13279
8755,4339,12392,1178,8671
17124,20941,190
22068,21941,18316,18381
23264,16562
22480,8193,23745,16210,52,4041,11262
14720,16630,7162,844,14621,4221
7138,24020,21447,6727,19624,139
23635,16295,6281,22012,6093,10255
10851,11013,8280,11931,11964,24702
@dps-end:
@rep:15
@time:18.015
@trys:441400
@seed:96763291
@dps-begin:
11568,1159,8871,20585,20281,5321,10346
10100,13397,15559,7544
13890,7364,16820,13956,21156,18647,8362,22284
6752,4833,18258,18167,22953,19657,7451,22797
15328,16788,10949,12300,5644
8608,1029,24710,20710,24556,20220,24925
7265,19059,436,10954
12083,13797,9048
8393,15967
3408,21153,4230,11198,13455
@dps-end:
@rep:16
@time:17.893
@trys:441400
@seed:95808337
@dps-begin:
22832,14361,22378,2027,4463
14016,20977,5700
16290,13635,24077,16623
22229,2200,14860
8257,4402,14153,7775
3846,16665,986,23995,3372
9430,6669
22403,5700,11164
6676,18471,2073,13386
12544,20549,8184,8188
@dps-end:
@rep:17
@time:17.899
@trys:441400
@seed:94847387
@dps-begin:
13173,13209,9497,1513
18050,8651,12061
6288,1857,17803,9391
16656,2274,19475
16357,22921,3198,22479
11650,2916,5014,15016,2440,6971,9615
8417,1237,6393,5323,2750
11232,22566,6697,23017,4603,8238
20784,9552,6152,24124,1519
12305,5027,18228,23845,23639,4344
@dps-end:
@rep:18
@time:17.835
@trys:441400
@seed:87552823
@dps-begin:
16112,8880,12704,22559
6128,22821,20039,16363,22764,18750
24688,11457,23652
6752,18373,21367,20939,24110
10851,10395,5598
14433,11954,2343,10137
8896,2500,12473,11514
1956,1156,13738
10546,10858,6108,10606
7952,25042,21590,3243,16397,11311
@dps-end:
@rep:19
@time:17.855
@trys:441400
@seed:86842271
@dps-begin:
8824,11276,17405,22206
69,2534,10585,24394,15725,190,18335
10642,15542,6712,10618,20235,19835,3101
11314,21491,1444,9180,19039
10097,12530,21417,17321,9791
10192,5200,11939,21540,868,13053
12099,16742,15771,9839
699,13439
16896,22117,10747,1180,4221
16817,14855,169
@dps-end:
@rep:20
@time:17.827
@trys:441400
@seed:80650457
@dps-begin:
21138,1779,14198,12793,19292,24781
10816,25107,9257,12234,17690
11602,23380,645,2728
8755,9637,8773,9771,19516,1662,16143
1713,10369,9270,4251
23954,19380,21351,24567,3882,4092,13581
22816,15349,4022,24358,19096
23184,213,19579,19275,17979,8751
14256,9619,3395,17562,9759
24550,18712,13259,6765,17039
@dps-end:
@rep:21
@time:17.814
@trys:441400
@seed:78220001
@dps-begin:
25028,70,10824,1997
15376,7488,6215,2491,10139,3550
24297,19770,19292
19268,10007,12985,16186,4317,11183
13376,8353,227,1060,15049,6619
6504,5658,5820,12669
22656,22625,977,7861,9237,8583,2411,20190
1168,4849,24330,5115,1468,13229,286
16672,5636,24132,14693,8215,15644,21310
1665,3907,3286,5369,17006,4639
@dps-end:
@rep:22
@time:17.777
@trys:441400
@seed:74585729
@dps-begin:
22741,9418,1131,21868,14190
14672,16081,7683,12133,21596,14109,18110,19359
16595,14183,19355,22603,10606,21822
21729,5291,13628,9039
14545,3475,8214,24344,2793
6565,24889,22555,20126
3922,6811,18316
6183,15898,21323,21307,2911
2977,25221,8390,13513,21515,21356
1763,16357,24679,8968
@dps-end:
@rep:23
@time:18.297
@trys:441400
@seed:73852469
@dps-begin:
19280,7824,1597,16143
15601,13605,18408,21373
8352,15079,24988
8788,9093,1846,7082,21979
3218,13554,18408,23098
14736,754,517,10727,4332
19968,11921,24308,18440,20542,8830
12625,22274,1332,14360,4601,6669,5567
24928,7761,21524,759,24039,6092
11552,24052,18937,10444,4271,16431
@dps-end:
@rep:24
@time:17.61
@trys:441400
@seed:68750849
@dps-begin:
18999,15481,1785,11227
14226,24658,23527,23287
10864,4549,11718,12190
14210,23171
16225,17494
14128,24674,12372,21929,17882
3218,7842,20965,1705,24541
25074,22898,978,7027,4281,16619,18987
6168,3482,19595,25067,21662
304,7203,41,18655
@dps-end:
@rep:25
@time:17.502
@trys:441400
@seed:58160551
@dps-begin:
7380,11845,12763,1131,20796
18176,224,22242,3267,22140,17597
11760,11099,19260,6717,5278
11236,9269,16231,17115
25028,25175,19742
6464,17363,22596,2726,13226,18621
8257,856,9182
20371,1508,4670,3551
15920,10065,13794,21323
1745,20935,7559,21882,10110
@dps-end:
@rep:26
@time:17.626
@trys:441400
@seed:45320477
@dps-begin:
18579,14100,2891,2686
14273,20882,809,17466,3103
14595,564,6822,16729
19203,19671,6425,7134,9247
22208,14405,16293,21926,2840
241,22739,9512,15385,13003,14175
20209,10708,14134,23674,2271
7640,10346,13738,18575
4673,4341,23053
11121,8437,19707,21707,24621
@dps-end:
@rep:27
@time:17.657
@trys:441400
@seed:31913771
@dps-begin:
1024,23988,19625,3756
9699,17299,21733,3080,12427,9373
24580,16253,13358
17328,6485,18905,18250
5985,14824,18618,10555,7774,11583
20257,2405,7446,7100,15132
8993,16706,15292,23549
6928,20484,21686,14334
19782,1341
416,20416,22517,7641,8283
@dps-end:
@rep:28
@time:17.742
@trys:441400
@seed:24096223
@dps-begin:
23937,9091,14827,15662
6401,17221,13198
23281,578,24216,19945,1915,18476,17503
1777,4483,8140
15568,13395,1316,10121,3659,7595
12723,10424,21773
16225,867,13879,23641
12146,2116,23047,13839
14480,23780,15861,23835,5756
11056,10546,5604,20444
@dps-end:
@rep:29
@time:17.559
@trys:441400
@seed:16980937
@dps-begin:
22272,16914,8277,8791,22748
12033,16724,3350,17254,21368,22156
15232,25093,3528,6203,972
11075,19498,10219,23531
13523,18923,21934,15198,7742
2736,15570,17620,3255
5684,5509,24614
15299,741,15046,22893
6592,21122,12274,14259,23685,2586,20014
2384,11216,16003,7846,14665,12431
@dps-end:
@rep:30
@time:17.53
@trys:441400
@seed:8261369
@dps-begin:
10048,6466,836,18692,22349
9856,20726,6330,7883,3486
11872,6657,24834,10083,4198,6975
21584,23392,8695,9688,4845,12446
5632,4099,14740,1876,22841,17547,22861
10896,15269,10551,12328,10414
15442,7122,16418,22741,9016,24392,21262
10416,6884,3621,23098
22163,5813,6171,16974,19503
20450,9010,2675,16678,15950,16558,11455
@dps-end:
