@rep:1
@time:104.553
@trys:4041400
@seed:179424673
@dps-begin:
38812,3808,22568,7995,6140
20358,21012,40660,39128,11939,3236,9707,19118,20671
42718,30451
23881,15307,19154,5973,12893,15584,25399
17216,31187,38739,13589,34328,32665,37785,32997,742,27816,26856,2737,11829
12423,1995,19282,37202,21475,40883,22392
41664,14737,10897,9241,17531
20170,31138,21411,1957,30250,24312,26301,42175
19329,8583,5705,527,36626,10520,27035,4775
17284,527,39449,10142,41056,32680,11692,7468,12093
@dps-end:
@rep:2
@time:103.918
@trys:4041400
@seed:125164703
@dps-begin:
26844,19806,12640,13411,23676
34833,27218,18132,16153,34285,23410,7291,27003
4423,21920,16291,24038,33649,34939
5201,42196,24347,30179,36650
10333,42718,17442,741,9126,11115,43885,6703,31087,34996,37244,20991
41730,32388,16584,23116,20693,29662,34976,12134,17583,13247,5567
4864,14025,41675,29133,1741,32721,24473,41119,42592,21730,18920,21037,22518,24188,16573
44482,15370,36877,28378,18522,30430,25761,22050,26659,19696,38900
68,38598,30858,17228,42444,22925,9962,8682,20920,40634,38719
4416,6660,25691,38432,11823,8240,34294
@dps-end:
@rep:3
@time:104.235
@trys:4041400
@seed:132011827
@dps-begin:
12677,3718,33808,17820,4192,21988,43694,5881
1473,26068,25321
28035,967,21130,17753,17760,36650,5301,11706
10575,14544,36716,24508
19867,33246,2618
8968,14547,14036,28696,29540,9446,22322,5693
34305,7683,41678,27665,30355,3351,4511,15980,37740,43760,21426
43013,40905,40975,1004,42296,43386,32699
29440,16712,23322,30170,34655,18853,25515,8043,25840,39600,13559
3472,19490,32491,40814,20718,14062,5238,15164
@dps-end:
@rep:4
@time:104.38
@trys:4041400
@seed:124987441
@dps-begin:
28949,24536,16089,24994,26171
7298,27971,26444,42478,1271
18241,8337,35162,27430,37040,2617
26821,26215
4942,18512,27859,25752,25756,10021,25064,17449,43379,33213
7619,20165,43590,19090,17109,982,5537,11809,38372,4069,25334
3079,41740,13978,43301,7091,43129,3581
36486,23560,35662,16917,1761,42787,28024
20483,35976,35279,25302,23773,16291,26725,43251,26942
20807,21130,28949,4186,30889,7034
@dps-end:
@rep:5
@time:103.755
@trys:4041400
@seed:123979721
@dps-begin:
9733,37094,27048
24198,43723,40920,40228
38915,24976,36844,39731,12925
2561,23554,34655,4148,19510,25147,4223
20480,24919,41879,33944,31389,41566,7274,15594,12402,13879,32441
41602,5962,10763,38223,17551,5207,17122,13940,18554
16449,43971,16135,7191,8284,124,18812,31615
43648,35594,10826,41678,32209,40852,7711,34406,31543,11580
36168,1548,14545,28312,35289,30494,40373,35703
37060,23950,16338,21912,18905,33819,35039,20575,11169,26594,15975,5927,44275,9846,20471,7483
@dps-end:
@rep:6
@time:103.377
@trys:4041400
@seed:119777719
@dps-begin:
7137,18024,43441
40597,1304,38189,44141,35194
5382,6284,22513,26293
8903,22669,27096,17241,7137,291,15462,18601,13108,34485,18559,17343
20800,15370,42898,25623,14040,44059,31712,22887,17517,43444,31223,4155
20929,11145,43465,33609,10193,5479,23791,17072
17304,16602,35229,33502,36446,36398,9336,34043,24637
32837,19365,5157,39718,18086,44083,11444,21499
2895,24549,24426,11563,24876,7598,20532
29445,20493,21150,43807,22239,35044,18472,28840,3049,25779,13365,18680
@dps-end:
@rep:7
@time:105.326
@trys:4041400
@seed:117705823
@dps-begin:
37976,40228,36083,22453
24448,6660,40207,40662,20142
7691,22674,16982,14876,17564,32226,43110,44144,15602
7691,13157,15213,10611,37306
32904,20044,8728,13731,31205,15462,13286,19881,18987,6194,34418
29829,4683,2895,38739,34389,24345,25882,20572,43360,23986,43897,21437
38466,43983,21202,15699,2710,30294,9495,19738,17314,17713,8690,35384,34236
3456,41348,42777,24809,28395,3697,4471,33215
30469,36627,21012,12567,28441,10970,18728,14445,10990,6191,31356,12414
17280,28738,36813,26582,36569,27611,20640,43553,6058,7346,25789
@dps-end:
@rep:8
@time:103.821
@trys:4041400
@seed:112131119
@dps-begin:
25436,22448,42938,25853
16769,23570,27859,28391,2412,9518
38400,27782,43477,34518,10966,20060,34598,28343,2103,12667,25534
34707,2589,37857,26484,38843
42305,10566,11271,37330,21143,25495,32028,19428,5997,14003,33659,41597
20864,22605,32846,6437,18278,9774,23729,31606,9146
782,13902,33809,23830,30423,4823,16093,12195,5241
7841,17318,42728,26732,42669,16244,24119
24323,38598,19273,1228,15949,742,9015,16504
769,32259,27845,16265,12043,16908,28430,7375,21137,29530,35935,44192,23204,14186,1898,21171,9791
@dps-end:
@rep:9
@time:103.262
@trys:4041400
@seed:108626351
@dps-begin:
1995,32814,3389
8194,39941,29515,13842,32855,27559,19954,9971,28917
39744,18060,35023,5283,23656,33130,22322,4147,42557,8446
34655,35
6148,14490,19742,21216,19873,8364,27890,5110,8507
23626,43355,33965,13235,17976,41146,24190
20864,20867,11471,26831,20001,33000,14632,27064,14776
43726,12767,20515,32372,30581,3581
39176,20623,13460,28310,6108,31005,22758,36344,35705,3706
35009,11402,25358,13198,5910,4259,43950,6463
@dps-end:
@rep:10
@time:102.882
@trys:4041400
@seed:107980007
@dps-begin:
3008,41223,27979,781,13597,30882,20519,38124,13613,18546,18681,27897
8009,26761,2511,1296,24924,32541,17374,16103,37229,2544,17648,23486
12688,28888,3354,27297,7011,1130,17715,11128,40766
19333,15496,24842,23242,12684,26956,18702,5202,32729,12781,27697,32818,19443,3766,25400
27139,16837,42637,35176,39081,35306,33069,38000,39222,28983,25341
44117,27669,26909,8225,36840,6766,1969,7282,6387,21812,14005,28086,19832,39740
22090,41867,10189,35608,22812,42787,3750,34670,28722,18677,17022,35134
18500,2439,41928,36555,4440,3868,40413,35682,16291,26602,10926,19826,41909,5816,27899,33534
18752,385,20231,31504,37155,32489,20525,12912,7602
39045,24654,42545,42675,23155,1271,12539,9276,35261
@dps-end:
@rep:11
@time:103.638
@trys:4041400
@seed:106368047
@dps-begin:
44171,1426,27179
7691,43473,33509,34793,17850
25735,782,8743
16837,43399,39573,24369,42164,32759,7801,21818
9487,26707,27030,13144,3679,6949,2985,8362,35631,27697,24946,41208
16321,12037,35277,4438,19289,21745,14389,17981
37441,7304,460,29649,8470,37610,41390,37567
6660,21892,43404,2976,11233,30442,30255,38389,17017,955
18574,43027,36569,8922,22684,11935,37409,26531,10469,20972,44014,15931,5885
1793,36742,37832,11402,15119,30677,24663,12254,10546,756,27256,39420
@dps-end:
@rep:12
@time:103.305
@trys:4041400
@seed:99187427
@dps-begin:
19526,42510,6367,17454
6099,4847,6901
33095,460,42390,10981
4823,30628,25063,7531,26876
1296
20867,1092,14663,33867,32270,11219,3672,17830,30063,33267,33210,41342
6413,1742,42768,3739,36639,39020,43951,6000
2561,16584,29577,13713,34134,34458,98,29026,15141,35557,33143,23549
38792,41548,27600,5714,26259,26904,40227,32804,30376,20719,34035,26811
31321,41309,6245,6447,14962,30590,22910
@dps-end:
@rep:13
@time:103.956
@trys:4041400
@seed:98976029
@dps-begin:
19721,30028,17166,22039,3808
38803,20383,42787,14707,15733
35456,23881,23755,34316,24413,34874
11090,17850
39941,12090
29057,26250,2895,17427,30811,20446,2533,11326,18431
385,9170,95,27168,35105,4197,17701,13734,26160,42291,20470,33534,27583
36171,4497,35666,21853,22750,38761,44075,19116,12407,43578,6846
19524,10630,28488,2956,28493,4623,7951,3868,15004,13612,10993,2807,38458,15099,40446,14847
9731,44483,42372,22217,43612
@dps-end:
@rep:14
@time:103.665
@trys:4041400
@seed:97875523
@dps-begin:
7720,36650,35628,40701
4679,14602,27283,28696,36702,18918,24425,4654
20943,25267,34613,42552,17406
29769,44139,2618
34055,40084,37927,7720,35114,35006
26383,42920,5864,35309,16626,28530,1271,22649,22847
28161,7442,15509,32278,8728,43352,41371,6695,28847,41847,25212
28608,13572,15046,27975,14737,15769,10906,27248,32112,27441,36787
29632,29450,16148,31318,32729,8921,7003,30239,5537,16808,2349,1911
27523,16196,36102,28232,5967,3163,32356,18278,23414
@dps-end:
@rep:15
@time:103.37
@trys:4041400
@seed:96763291
@dps-begin:
42716,805
17058,34915,6513,17017
42693,776,7567,9944,7640,43496,39151,24309,20853,1981
39941,33610,21263,22096,12308,17057,34152,41387
18433,5250,23497,1737,19723,38495,33189,41258,27373,21102,35514
16392,22925,33502,14110,41388,10485,32509,39421
25922,13058,25806,27223,18464,15458,16998,27687,19240,8823,19133
1220,11462,31694,37270,5721,19226,42990,17647,42097
18177,41678,12313,8409,35749,35194
26497,16772,32965,34633,11723,21521,25821,1504,40228,11256,13055
@dps-end:
@rep:16
@time:105.05
@trys:4041400
@seed:95808337
@dps-begin:
11981,2528,43946,5875,37943,5241
36650,6381
1473,24198,29511,32086,28251,31654,31720,1133,16752,11506,42485,6133,30968
33347,38352,16086,28694,36792
2371,43013,12553,28685,20241,38356,16675,40894,10430
16666,16476,41510,34364,35006,24191
22786,19733,38756,36650,39479,33597,38399
39425,8385,28883,21982,4392,7146,41324,34417
3331,38602,8598,23349,11830,10169,36476
32515,25417,31180,21200,44050,7191,42138,27867,16608,44519,8684,31671,42104,39034,41597
@dps-end:
@rep:17
@time:103.501
@trys:4041400
@seed:94847387
@dps-begin:
30020,11271,16207,21392,25238,8948
11976,14345,3602,27094,5018,34846,6816,30704,36597,30652,15421,41342
23945,40843,33618,37908,36569,27418,4958,12706,2343,35306,40368,16829
10753,16909,1296,7958,13601,7081,9001
9220,3144,2393,25830
4672,40192,28098,5062,19980,14861,40529,16214,5015,43610,11749,22841,11774
39875,9543,31695,17682,32600,26009,27361,40034,27697,28721,18874,19519
29458,24091,39521,2730,18672,6003,21812,26940
29832,1937,43612,15850,36973,21622,31230,12991
12101,10512,17809,5727,11758,2676,20727,4605
@dps-end:
@rep:18
@time:104.202
@trys:4041400
@seed:87552823
@dps-begin:
3778,1802,7123
28496,29403,36149,8573,23421
18759,19730,16732,15327,13938,29179
15115,5015,18907,9628,11965
8803,28723,8310
43789,37651,17560,23452,24224,23920,12145,24562,1716,5881
37070,17940,12440,5537,3111,11963
5441,11277,10896,9361,11165,4194,39715,28969,11250,8951
460,34771,23207,29804,25073,36337,28593,15993
6413,13334,8419,20398,14511,21747,43388,29823
@dps-end:
@rep:19
@time:104.132
@trys:4041400
@seed:86842271
@dps-begin:
39938,11029,37853,27875,36203,30452,43578
17674,43488,15975
39425,28229,43098,19367,15281
19283,21982,35242,22507,1271
27531,10022,3949,4535,42557
30348,16086,21150,34420,8954,12349
13761,23745,32837,34149,31398,42087,43705,36602,26427
44184,8088,34396,43359,24114,30388,8312,17017,31355,11327
8257,35592,11402,24027,25245,16863,40290,23523,43309,40510
35008,258,26438,44185,12893,11428,33707,20408,40889
@dps-end:
@rep:20
@time:103.713
@trys:4041400
@seed:80650457
@dps-begin:
41485,34381,38798,24528,16153,12837,11758,439
42438,29132,4627,15008,14053,26031,27890
8135,35147,41820,4833,34598,623
32836,21960,39689,10840,6887,4904,35691,20469,11774
17026,43205,27783,10570,40844,25934,18447,43218,18278,2236
5198,28309,44122,42845,33440,13606,43176,36725,12666
31169,20553,28946,32345,30889,4650,16619,25580,24301,1332
42117,3974,18759,21201,21475,37821
6208,25928,527,14889,13996,21486,17906,41404
32010,40847,30609,8086,37407,23653,20773,24936,30248,24312
@dps-end:
@rep:21
@time:103.533
@trys:4041400
@seed:78220001
@dps-begin:
43410,34029,25518,44016
38337,21835,23830,39449,936,4907,39532
14601,1620,40853,14241,27179,42734,42300
35692,16561
34570,23242,18133,13530,23069,24096,20844,5238,42166,33785,18559
33920,16130,8258,16265,13525,7589,43508,11830,26364
42561,29571,34244,34383,26000,16724,729,41820,34781,3947,24812,14703,44273,38582
3778,7177,982,5030,42346,15155,24949
36928,33986,43079,35660,36431,23900,5881
7942,26634,39436,5228,27890,11895,6078,15038
@dps-end:
@rep:22
@time:103.994
@trys:4041400
@seed:74585729
@dps-begin:
18442,13716,35489,38514,17340
25219,24583,39373,16021,36569,25130,4716,25399,3128
30232,40094
7936,22922,5198,9169,27179,37356,2745
38273,27845,28232,42767,18328,36188,11169,21867,21612,44014,16375,17084
7427,25994,38111,19361,18871,33215
1161,3978,32793,23712,37090,22183,27697,27700
39297,11782,782,9773,10225,3252
39880,18585,40153,29087,13152,39138,33443,23913,24307,25971,26812
22918,34310,9415,27151,12691,34141,19040,805,10598,25580,30703,28600
@dps-end:
@rep:23
@time:103.366
@trys:4041400
@seed:73852469
@dps-begin:
41418,26506,23116,2318,40296,17466
38337,18829,21458,32275,41181,19362,9252,31082,27179,32046,32818,8630
29955,38990,31389,34469,32120,2493
25677,25436,36636,22117,4519
39900,42342,8623,35644
39425,43779,4996,41671,44178,27350,727,17001,40747,30379,12716
42114,38915,16196,14277,36933,27146,20562,4763
18754,36034,16771,42641,41764,36210,11830,6838,35647
21125,22537,16935,16369,19698,22773,5302
9,25228,44305,39640,24988,39020,28528,36725,17337
@dps-end:
@rep:24
@time:104.202
@trys:4041400
@seed:68750849
@dps-begin:
200,27410,32658,36410
16777,9937,42658,39460,1322
37188,28888,43674,38108,41188,12402
40393,19150,24910,37105,25203,42746,33019,11326
4868,21086,35952,42557
36032,19265,17218,31566,17295,39955,33685,30619,21339,2659,26790,39209,15858,27127,9087
8659,30294,33878,8281,7901,38558,37222,43048,34347,11252,39228
6413,27672,19105,9265,39293
20864,7883,39632,16658,1300,28181,13975,35799,8285,24991,9442,9897,12397,40439
33230,3346,1180,10528,13412,4397,31031
@dps-end:
@rep:25
@time:104.397
@trys:4041400
@seed:58160551
@dps-begin:
26721,21921,22830,17459
28992,40388,30474,30740,35415,42712,7900,805,11557,20458,40629,33148,5950
44486,843,35660,27603,14036,20949,28907,36716,29234
30917,32582,3028,10731,5486,20977,41146,17150
3335,30347,22155,781,22044,38558,5407,34032,5556
37507,11153,23849,29227,30967,32247,41146,36799
41152,20424,7434,11920,28051,3095,1118,42338,33131,11192
35527,33237,44311,30824,43694,37876,34614,36152,186
15045,1295,44500,3671,12763,3105,5694
15489,33110,29789,37726,27694,24244,30904,38008,29886
@dps-end:
@rep:26
@time:104.27
@trys:4041400
@seed:45320477
@dps-begin:
39681,35009,40094,38496,9703
10245,264,8017,18396
9937,15975,28264,3572,5055
963,11402,29010,22100,2068,21460,27543,42266,7453,17632,6307,39459,18418,2998
5185,3151,13719,33306,20700,9251,26598,42922,32112,17083
2589,30622,7474,29814,17468,27260
36043,37921,41826,28648,6633,43759,17589,8310,29306,38267
2625,21125,1157,20102,22984,42777,23975,1576,27373,21357,7472,15540,8952,698
7121,10834,9108,5015,6881,10406,44461,32943,21112,33082
12800,19781,9990,11526,15251,36569,21434
@dps-end:
@rep:27
@time:103.433
@trys:4041400
@seed:31913771
@dps-begin:
1473,8258,36995,41416,31439,8089,15073,6754,34731
21824,10050,38408,10698,11981,24975,23568,24788,30049,9058,28646,38247,16426,42288,19057,42555
39243,845,31954,35289,23323,33568,23395,3555,39402,6455
33665,35359,31588,23403,1586,14773,22710,10102,17340
17350,37383,2577,24341,39330,23914,8234,29747,32059
17612,9676,17295,15120,39635,12826,38433,39405,6575,20148,36155,5180
4558,1295,11151,36497,8031,1827,36078,8313,41022,24574
20040,42769,15132,25500,28582,30823,4327,30062,35006
38915,7171,3014,30861,30992,14291,664,8231,39547,23167
6409,8843,17100,1740,17810,38354,14169,38178,26086,40183,26748
@dps-end:
@rep:28
@time:103.171
@trys:4041400
@seed:24096223
@dps-begin:
1473,7693,12689,34086,1131
5825,12037,41160,23373,20001,35566
2434,40198,21447,14799,20376,10588,1118,2352,18484,19576,21247
28608,29134,8721,16657,13586,34774,87,12762,5662,8927,9384,2545,16756,12219
7137,24048,28850,19574
11778,3780,21386,23565,39054,15504,4632,37850,20190,25827,44338,8245,26876
14737,24276,36954,11996,1961,22445,41843,11959,21881
17665,2754,28293,29834,1296,22948,17317,35757,6582,29884,33084
36416,13082,3868,25821,10142,32229,2341,2216,22445,2095,2801,24501,42614
19200,31558,38283,1296,419,20005,23995
@dps-end:
@rep:29
@time:104.069
@trys:4041400
@seed:16980937
@dps-begin:
9920,5249,29391,3991,32088,20453,21742,17848
17734,32786,21012,35676,3568,827,26238
43980,16531,36639,8160,39718,7144,26419
4289,8401,929,15331,28006,32557,8307,37301,9723
258,14915,18642,3034,37801,26218,11890
13761,29700,28190,10914,26867,24061
42891,2392,16158,22052,299,41465
11072,12803,34573,28749,17805,10775,25503,19368,36650,3692,9266
19458,22925,1422,31182,42896,32721,13971,21722,9629,14814,35492,40234,15980,15854
17985,7700,12059,9245,19490,28969
@dps-end:
@rep:30
@time:103.984
@trys:4041400
@seed:8261369
@dps-begin:
17290,21005,4015,25337,16573
4046,17746,35284,25689,35101,42787,26793,38637
15747,7239,27340,29836,42701,43349,20374,38681,13037,29935,13362
8,31757,30544,30039,33952,3105,5612,9452,13871,753,41271
200,28111,18267,23067,8092,22883,4336,25526,5950
8068,34570,37329,6358,28888,5279,42796,38255,34608,19121,4402,6707,35515,1788
27015,3801,9372,34012,28509,31389,416,2017,29036,36602
42176,31234,23044,43471,5848,16602,6434,37667,34795,18873
11842,38341,9424,8536,14169,42205,31,10465,32805,10796
9730,11271,30215,17223,36234,30545,35090,19922,32659,9811,18644,23255,5335,24933,3688,24308,9524,40633,4349
@dps-end:
