@rep:1
@time:20.007
@trys:2061400
@seed:179424673
@dps-begin:
1797,390
482,188
732,2527
811,2271
482,2386,886
2048,329
481,482
2035,2412
2432,1709
2345,811
@dps-end:
@rep:2
@time:20.173
@trys:2061400
@seed:125164703
@dps-begin:
1505,1458
484,2472
1115,2735
2673,811
1671,811
732,45
218,1630
1701,1911,332
1028,1326
1061,1911,1226
@dps-end:
@rep:3
@time:20.536
@trys:2061400
@seed:132011827
@dps-begin:
811,1183
2099,1797
1988,2615,860
40,1210
264,811
2070,811
1573,1957,1481
2038,811
952,2040,1560
2322,811
@dps-end:
@rep:4
@time:20.084
@trys:2061400
@seed:124987441
@dps-begin:
211,40
321,811
2229,811
1988,1765,949
1254,1031,2506
993,1731,2047
974,1439
2080,2609,40
1877,2252,910
2437,1326
@dps-end:
@rep:5
@time:20.076
@trys:2061400
@seed:123979721
@dps-begin:
1797,811
1585,471
2048,1028
677,811
2083,732
1826,811
40,2558
681,1007
898,732
1938,2422,471,2456
@dps-end:
@rep:6
@time:20.111
@trys:2061400
@seed:119777719
@dps-begin:
1254,910
1254,910
40,365
144,1026,597
144,952
2612,811
1505,940
832,811
1505,2471,188
2456,2651
@dps-end:
@rep:7
@time:19.716
@trys:2061400
@seed:117705823
@dps-begin:
2504,811
1481,811,2109
902,1183
513,2083,1347
1254,1866,476
1110,732,2574
471,2104
1312,1081
762,811
2101,1224
@dps-end:
@rep:8
@time:20.078
@trys:2061400
@seed:112131119
@dps-begin:
1573,732
2705,2648
2048,737,2255
732,957
692,811
1556,40
593,1108
1765,582,1001,2702
1765,293,2822,1884
305,2216,2735
@dps-end:
@rep:9
@time:20.221
@trys:2061400
@seed:108626351
@dps-begin:
811,1871
993,1386
2183,332
811,1710
471,1543,191
993,274,218
390,567
1344,2229,1192
1184,1587,1477
1744,2249,1514
@dps-end:
@rep:10
@time:20.095
@trys:2061400
@seed:107980007
@dps-begin:
732,2735
2275,811
2675,811
811,414
811,237
1505,1613
811,523
2136,732,943
81,1251,1001
1797,2222,1967
@dps-end:
@rep:11
@time:20.119
@trys:2061400
@seed:106368047
@dps-begin:
1505,2758
2822,1514
40,2527
1859,811
811,2142
1505,902,283
1505,2655,1615
2691,811
118,1643
2419,1543,40
@dps-end:
@rep:12
@time:20.188
@trys:2061400
@seed:99187427
@dps-begin:
1505,1739
1831,811
811,2813
2048,2440,1739
677,2393,732
2735,831
1872,732
1028,1326
1344,325,2735
1108,811
@dps-end:
@rep:13
@time:20.042
@trys:2061400
@seed:98976029
@dps-begin:
484,1253
392,79
594,811
2048,2101
2256,390,1115
97,482,1547
913,1731,905
721,811
1031,75,732,1694
1761,1911,1512,1514
@dps-end:
@rep:14
@time:20.252
@trys:2061400
@seed:97875523
@dps-begin:
811,2255
811,798
2595,118,582
1458,1514,235
1347,1573,1481
811,1087
1320,2255
811,523
1681,732,1868
160,811
@dps-end:
@rep:15
@time:20.35
@trys:2061400
@seed:96763291
@dps-begin:
2275,811
2568,811
257,811
811,1964
2432,1175,732
1765,1110
2727,684
2345,811
2711,811
408,1866,235
@dps-end:
@rep:16
@time:19.89
@trys:2061400
@seed:95808337
@dps-begin:
1254,811
1585,1514
2115,811
1505,2590
1685,2271
2214,811
770,811
811,1599
1970,811
1347,2694,63
@dps-end:
@rep:17
@time:20.145
@trys:2061400
@seed:94847387
@dps-begin:
1685,811
1347,2471
1028,390,191
1829,1723,188
615,1742
1410,1514
484,1311
1505,2393,2271
1254,1048,1690
471,1386,2698
@dps-end:
@rep:18
@time:20.293
@trys:2061400
@seed:87552823
@dps-begin:
2008,2735
326,811
811,619
2675,1139
1028,1050
2682,218
2554,811
2673,1026
229,811
1347,819,2158
@dps-end:
@rep:19
@time:20.028
@trys:2061400
@seed:86842271
@dps-begin:
1751,40
744,732
811,779
2646,332
811,2444
390,296
1028,205
288,2109
811,558
2048,2275,2198
@dps-end:
@rep:20
@time:20.142
@trys:2061400
@seed:80650457
@dps-begin:
482,1254
811,1277
905,811
1713,1797
214,1514
1445,2735
821,684
1660,2735
2090,811
1795,811
@dps-end:
@rep:21
@time:20.03
@trys:2061400
@seed:78220001
@dps-begin:
484,811
1574,811
1332,40
1040,1251,1636
2785,482,2629
390,2345
481,2068,767
1352,811
762,811
1347,681,2762
@dps-end:
@rep:22
@time:19.785
@trys:2061400
@seed:74585729
@dps-begin:
1347,2133
40,2748
1685,238,1503
1223,811
1028,2284
1797,1656
390,2284
481,2735,191
1970,392
976,2065,682
@dps-end:
@rep:23
@time:20.162
@trys:2061400
@seed:73852469
@dps-begin:
482,732
1251,2120
484,1547
484,43
2198,615
1110,811
1347,233,879
1505,1761,2287
1985,1656,1001
482,1543,1034
@dps-end:
@rep:24
@time:20.135
@trys:2061400
@seed:68750849
@dps-begin:
471,2735
2615,811
2504,811
732,284
993,2043
2553,332
594,471,1001
1329,811
2472,1007
389,2758,732
@dps-end:
@rep:25
@time:20.17
@trys:2061400
@seed:58160551
@dps-begin:
471,1439
457,811
50,811
811,2142
1685,360
227,684
2644,452,1797
1251,430,1423
2322,2735
2260,811
@dps-end:
@rep:26
@time:20.396
@trys:2061400
@seed:45320477
@dps-begin:
569,811
2648,2735
2256,2737,390
2693,811
811,220
1505,945,2724,1821
2115,2595,2735
811,1019
32,1879,235
961,1549
@dps-end:
@rep:27
@time:20.267
@trys:2061400
@seed:31913771
@dps-begin:
1665,811
737,471
993,1906
421,471
811,1725
513,811
811,2155
811,779
1505,1068
1344,1574,1303
@dps-end:
@rep:28
@time:20.013
@trys:2061400
@seed:24096223
@dps-begin:
34,811
2336,811
1505,1369
993,1349
1073,246
1815,811
97,482,2644
1004,332
123,157,2735
1733,1372
@dps-end:
@rep:29
@time:20.253
@trys:2061400
@seed:16980937
@dps-begin:
788,811
597,811
2304,471
811,142
1254,910
2099,123
811,1293
118,2201,1514
1254,171
1192,1981
@dps-end:
@rep:30
@time:20.124
@trys:2061400
@seed:8261369
@dps-begin:
1911,811
326,811
457,811
144,1815
811,2284
1266,484
177,1315
2580,390,1768
118,2551,2807
1344,1332,390
@dps-end:
