@rep:1
@time:69.637
@trys:441400
@seed:179424673
@dps-begin:
5344,43874,8786,43356,42316
22356,25766,13784,13898,24219
42113,5652,711,12330,2831
1845,14134,7208,39531
18930,38019,24916,20391,5337,29838
29968,33299,39524,39782,28062
38101,16296,9035,32462
12593,12882,29800,38590,22495
19745,1128,39611,17870
12240,25026,40456
@dps-end:
@rep:2
@time:71.436
@trys:441400
@seed:125164703
@dps-begin:
14929,11747,38131,13413,34345,13930,21183
15858,15828,2809,4766,31822
16704,23009,41207,9066,11855
19666,17894,13657,33994
33912,10670,8783
12897,3714,43624,10842,14637
32032,21041,26743,39210,25501
19475,40373,42310,41558,15836,15965,29870
25650,34472,25978,42302,17631
26752,35298,35004,3037,10447
@dps-end:
@rep:3
@time:70.12
@trys:441400
@seed:132011827
@dps-begin:
4499,19875,29828,9707,44271
5298,38677,15096,36362,12251,43084
44561,27762,10914,9701,9062,13786,11327
24768,7505,2306,27081
18465,23348,43854,44527
3762,2308,4456,36939,5180,7087
33716,13893,8791,16379,2091
44385,29363,14630,34847
36769,41443,733
40691,14500,19049,43758
@dps-end:
@rep:4
@time:69.556
@trys:441400
@seed:124987441
@dps-begin:
6336,21746,41595,14747
41281,15109,18983,29246,35598,31743
33584,44465,773,17494,32924
13779,3301,31688,35802,13629,11453
5712,3457,24261,26938,4173,1934
24081,30835,43443,2235,18125,31567
11441,38434,19155,9326,6767,41711
3856,12035,34596,43125,40535,38984,5900
30293,25911,25322,43421
35939,17636,25944,42696,42362
@dps-end:
@rep:5
@time:69.431
@trys:441400
@seed:123979721
@dps-begin:
23377,11670,24631,13705,36332
42164,23029,24871,43464,11036
37712,22658,23734,31358
30448,39009,818,3544,31928,18763
1346,15522,5989,15897,27082
14432,12132,11318,27563,33581,12879
25825,4165,3162,24812,28862
38083,17175,24601,6890
471,42377,37324,2479
17777,16061,383,15231
@dps-end:
@rep:6
@time:69.59
@trys:441400
@seed:119777719
@dps-begin:
24018,18354,18313,1643,30302
13488,23041,23586,17060,9748,1437,15262
18689,36659,37177,1257,27259
8947,19236,28218,11293
33809,23907,30088,13161,8490,37915,2300
38400,14688,15794,29717,15656,15947
17202,29171,18699,30813,34829,10813
17826,9330,25442,30707,1866
3200,9186,11348,40454,4687
29649,44054,5818
@dps-end:
@rep:7
@time:69.324
@trys:441400
@seed:117705823
@dps-begin:
9937,26787,19459,17796,39637,15706
32912,29873,17489,25188,17406
2993,19159,20375,6872,8699
1425,28418,11188,5434,41723
25292,34861,13998,40046,8799
40659,29354,25035
43362,17160,41867
23681,22674,12131,21812,34730,36543,6047
8065,27538,34055,1337,23050,14651
2403,35606,43191,3479,22440,30670,24526
@dps-end:
@rep:8
@time:69.132
@trys:441400
@seed:112131119
@dps-begin:
18402,2339,30408,20156,39215
41431,9576,27224,35705
33312,4659,1972,21591,43768
5348,6981,21927,8280,20761,16669
41328,22692,40820,19480,4126,8687
43377,24449,37380,6125,17679
10672,15216,17734,9655,40077
18259,27207,42251,42255
17888,32816,19412,7079
21285,24118,38653,10237
@dps-end:
@rep:9
@time:69.426
@trys:441400
@seed:108626351
@dps-begin:
34129,8137,41003,16588,15902
15506,10278,23705,35453,14446,1262,11871
36624,27633,20947,13573,15372
38675,8583,5614
26501,22054,17038
15825,25542,36246,30263,10120
36834,7351,30588,9501,37917,20783
16913,32258,2516,6971
6945,12306,20199,9736,24638
24113,27585,14563,34102,43071,36447
@dps-end:
@rep:10
@time:69.782
@trys:441400
@seed:107980007
@dps-begin:
6400,25794,11876,7210,31099
14160,38626,13191,9097,34907
38240,26753,7992,20939,38157,3662,21134,8591
7254,17689,28858,13581,30862
36308,41607,23401,28794,11741
34244,3992,8600
451,39784,9529,957
15200,38225,10308,18794
6416,11749,22831
15942,13037,5326
@dps-end:
@rep:11
@time:68.896
@trys:441400
@seed:106368047
@dps-begin:
27913,31002,40734,9423
3873,3845,19560,32875,43806,21679,25279
37978,27468,3069,25311
11555,11751,27641,23833,33710,33839
27845,39371,25164,30717,5054
1905,5957,13158,27000,20314,33227
35473,32179,17256,33978,5628,6623
15792,33047,40825,30458,44012
20419,41925,5607,16617,31596
27360,11193,26974,28303
@dps-end:
@rep:12
@time:69.45
@trys:441400
@seed:99187427
@dps-begin:
27728,8003,42612,2021,41257,829
22722,32931,35606,30669,23407
36757,30907,2283,33851
44225,3923,36246,42253,11726,22431
12219,26139,39726,40110,14431
35665,36754,21106,43847,16104,26937,21195,25455
1363,1253,9230,8190
35204,39110,34152,30845,8190,31519
10608,44321,20929,33285,23557
12944,4361,8233,31819,15774,13839
@dps-end:
@rep:13
@time:69.158
@trys:441400
@seed:98976029
@dps-begin:
722,20914,27575,35036,38605
10896,23638,13671,34441,42559
13554,40073,10314,20285,33614
40147,8228,35610
4968,21115,18845,26910,22367,26863
30737,33745,29202,39316,22888
840,19497,33482,34333
13000,10697,17515,30767
11925,3658,34268,40140,4462,40015
23440,42882,33787,3935
@dps-end:
@rep:14
@time:68.954
@trys:441400
@seed:97875523
@dps-begin:
43634,8243,33332,30933,12825
35056,15208,8571,5165,13807
5732,14934,12233,33210,21020
31142,13112,28713,38030,32559
26674,27445,19158,10071,9741
5203,9349,17414,9868
27104,13604,43669,20037,43407
469,37052,557,24927
22080,20884,14917,36438,40492
43872,23546,22684,41052,12174
@dps-end:
@rep:15
@time:68.646
@trys:441400
@seed:96763291
@dps-begin:
8104,29961,1899,4142
29696,1857,2211,43572,39183
22128,41304,16377,21017,17741
26400,31505,5446,25627,13597
39346,24102,39094,1447,11342
9120,15221,41750,34639,5871
23344,28833,21783,35626,9595
14514,44421,38837,25739
25668,6358,27384,3803,41708,5676,27629,5823
37632,25778,17906,16115,8136,36558
@dps-end:
@rep:16
@time:69.609
@trys:441400
@seed:95808337
@dps-begin:
18086,4491,7355
16657,22965,2486,29591,24942
4656,40579,35238,8730,44474,7837
43522,15815,26104
28257,40931,5592,22027
3381,12923,41484,5933
44129,10437,29134
13921,2374,32567,19516
16978,28292,27621,26518,1678
21939,4516,23686,28678,16841,25966,32591
@dps-end:
@rep:17
@time:70.022
@trys:441400
@seed:94847387
@dps-begin:
35301,7047,8232,36280,8793,16619
7968,1398,4920,5625,16090
10672,42643,1941,1562,29915,14667,10684
32225,25906,8683,37134
43953,3190,22379,555
21777,23409,7161,38412,25615
12212,1013,9941,26985,42877,32157
32248,23369,38828,37230
14984,43609,13258,110,31247
14048,37668,32454,24359,43371,24927
@dps-end:
@rep:18
@time:69.233
@trys:441400
@seed:87552823
@dps-begin:
9216,44144,20339,6107,447
19284,16709,3704,6190,24879
27941,21690,18475,37852,31404
17920,19953,23557,28887,23257
481,17459,26390
5683,1669,9366,21789,44527
225,37460,5255,3770,24492,16286
20594,7171,17700,35495,1387,21228
33892,22420,3350,30983,10587
11124,17797,25288,29260,238,5711
@dps-end:
@rep:19
@time:70.256
@trys:441400
@seed:86842271
@dps-begin:
43969,17713,31554,29526,21401
31152,8884,43099,31468,20621
10065,11218,18821,15544,9274,9295
33842,18194,17226,36682,43325
3011,24230,32486,27583
17312,41761,26551,31709
38978,7026,9942,7526,24055,6303
25829,17734,14969,35194
1010,34343,3918,1487
28949,4581,1382,21662
@dps-end:
@rep:20
@time:69.715
@trys:441400
@seed:80650457
@dps-begin:
29810,18900,1271,440,395,36203
42241,22499,5704,17406,6719
17269,13864,2233,38186,39900
8400,36292,39781,8183,40959
44514,4578,38405,27208,6652
38544,9921,17128,13290,36255
24769,25075,31576,15994
20465,25924,35381,26375,20396
38945,27697,38675,5991
28646,37494,34265,39212
@dps-end:
@rep:21
@time:70.018
@trys:441400
@seed:78220001
@dps-begin:
22241,43539,20549,38526,31007
26289,34019,42228,43527,41484,4350
17653,43765,1704,22777,8204
41096,25948,1468,669
37125,44054,31319,22985,33915
9301,6231,10887,12715,17564
13350,42696,8008,36575,21999
1157,4104,8751
8386,10677,26747
3128,29896,2747
@dps-end:
@rep:22
@time:69.823
@trys:441400
@seed:74585729
@dps-begin:
34656,9507,8151,42349,25214
38897,29956,32950,31643
4964,1399,40907,7787,25084
36865,4531,23958,20968
6944,19938,22340,41433,18783
6784,18743,26414,16238
37539,2999,27324,42430,17471
31088,43624,31916,18494,9455
5318,28294,33606,24536
44241,44066,30933,38284
@dps-end:
@rep:23
@time:70.123
@trys:441400
@seed:73852469
@dps-begin:
3139,1012,37146,37389
26853,44551,32715,3340,31743
13616,8562,14661,19685,33673,35146,18748
7634,25766,11016,41355,7182
7808,13840,37446,34759,22711,12409
4021,7814,38938,10221
20385,11873,26674,24547,11881,8781
33957,39894,16887,17672,36588
18786,22120,25723,21983
22454,13400,9851
@dps-end:
@rep:24
@time:69.3
@trys:441400
@seed:68750849
@dps-begin:
17969,14661,16858,17947,20748,10991
15024,39009,33077,16311,35405,15102
11364,4583,8650,43114,37003,44365
34897,41317,20038,31278,4271
32679,42219,1757,30798
42324,37509,10745
4160,37443,42076,41677,17247
8912,42337,43752,14986,5278,25486,25615
8506,40381,31246
22227,7784,27721,13561,38346,13613
@dps-end:
@rep:25
@time:69.377
@trys:441400
@seed:58160551
@dps-begin:
10050,18612,4045,13629
36208,14482,6585,8777,7692
34771,21705,36779,42733,12430,18511
16112,43413,1510,28311,25352,17401,10479
42098,30694,7884,5055
3795,34501,12104,9342
10192,22390,11063,39992,4860,23407
24163,40166,20376,29756,3102
29831,30667,34156,14940
402,19379,38500,27818,32350
@dps-end:
@rep:26
@time:69.84
@trys:441400
@seed:45320477
@dps-begin:
43158,37593,971,29515,23710
35523,19993,1354,6396
5699,44166,36583,20233,34298,29386,34764
1378,16948,8869,2485,8390,42825
23815,15175,39690,6923,40861
41616,16629,36550,32251,9852
24912,37868,33756,32253
35490,34659,41933,37775
36321,18500,17159,43789
1105,35425,10453,34454,742,18203
@dps-end:
@rep:27
@time:69.884
@trys:441400
@seed:31913771
@dps-begin:
35716,23270,18360,12793
17376,33744,41139,3091,8812,28911
31137,28436,40635,5195
16280,10,39722,31855
4933,25126,23622,32219,42123
11122,5925,7564,13053,19629,11390
19025,18786,41802,31563,39628,26671
35732,40328,40505,8204
25569,19318,19032
26528,2358,569,6361,33340
@dps-end:
@rep:28
@time:69.05
@trys:441400
@seed:24096223
@dps-begin:
17696,38678,42310,32204
35380,21815,41515,4075,3132
34704,9508,5925,44311,32078
22720,26374,22280,43531,27772,25036
5843,3159,21240,22909
8674,25555,730,43199
3796,32532,32423,19575,9756,39919
35280,9664,11625,3994,37407
38693,23287,24795,20748,15806
38112,21273,16026,27293
@dps-end:
@rep:29
@time:69.861
@trys:441400
@seed:16980937
@dps-begin:
2560,8482,39250,26263,24474,19180
14868,7126,26315,39227,33388
14176,9763,19796,8869,37176,28954
9827,4867,30811,3132,36924
4471,20696,42632,15340
26386,43379,39930,26559,37327
23440,24033,39908,13228,41679
25282,35781,7543,21785
31570,1732,29668,18916,36857,17548
22384,20964,17434,13454
@dps-end:
@rep:30
@time:69.904
@trys:441400
@seed:8261369
@dps-begin:
30114,18082,4393,14090,24859,12205
26340,8646,28567,5886,11295,24863
177,40993,23715,18819,504,22297
26547,13204,41364,9079,21997
44320,30966,38218,32523
41024,37056,43267,35702,37479,39839
25924,20071,43305,33756,14092
18656,18437,39046,9227,1228,28093
43872,19650,38068,14165,28263,40910
43440,33014,11273,32141,40863
@dps-end:
