@rep:1
@time:24.792
@trys:2061400
@seed:179424673
@dps-begin:
11859,24170,24943
7857,994,5208
23799,11240,12362
7684,14971,20605
19942,3991,21704
14372,18952,1182
13472,83,24142
13074,21245,24255
773,19804,24303
23701,5114,14861
@dps-end:
@rep:2
@time:25.047
@trys:2061400
@seed:125164703
@dps-begin:
11433,3134,16895
7217,9798,14222
11395,24789,14888
16534,20279,15839
1088,4196,16277
11782,6168,15357
18342,10890,7791
8080,13410,18146
1638,16120,23501
19397,15893,22730,3451
@dps-end:
@rep:3
@time:25.28
@trys:2061400
@seed:132011827
@dps-begin:
1489,12066
7217,24231
19938,8166,16759
12880,9044,24734
10513,8498,795
8180,16872,24303
10305,24058,23871
10456,23673,4889,22121
11330,10979,22614
8498,17749,5509
@dps-end:
@rep:4
@time:25.032
@trys:2061400
@seed:124987441
@dps-begin:
15457,3351,14794
23521,22580,13454
18323,15464,5915
1552,22053,10283
18704,4090,2733
16278,20718,6591
16245,1637,6333,126
3057,14198,20983
12906,13309,2974
20928,21653,24217
@dps-end:
@rep:5
@time:25.492
@trys:2061400
@seed:123979721
@dps-begin:
20164,18840,1646
21105,1525,6199
13348,19356,15183
14727,2922,19295
320,20055,21784
24919,21833,12748
12563,23844,10510
8117,7096,4255
15473,15079,9422
13176,22142,3550
@dps-end:
@rep:6
@time:24.567
@trys:2061400
@seed:119777719
@dps-begin:
3285,7527,15516
12066,20488,16460
19376,18632,5561,2319
11686,18408,4797
2956,9341,10447
16386,1090,6871
7016,10281,15901
20745,19785,12365
21109,9610,11807
8498,14056,7916
@dps-end:
@rep:7
@time:24.541
@trys:2061400
@seed:117705823
@dps-begin:
22552,718
4961,20810,9934
15201,2916,4285
21141,7150,23502
22240,9202,20271
5953,16771,11736
1717,15357,17933
18385,17463,13342
24756,19131,21772
15537,21314,20724,19983
@dps-end:
@rep:8
@time:24.919
@trys:2061400
@seed:112131119
@dps-begin:
6640,7051,20382
15633,22216,7103
8194,18582,19144
9776,22146,17965
18496,22552,20906
5205,4504,12910
24835,7557,12491
8835,8471,22591
2609,22284,63
19094,13672,20171
@dps-end:
@rep:9
@time:24.846
@trys:2061400
@seed:108626351
@dps-begin:
12066,12356
3921,19960,4254
560,18919,9115
22066,11497,6539
17388,1116,11149
23129,17450,19260
1568,2322,22591
10390,5387,18109
6610,470,21512
1568,12504,7598
@dps-end:
@rep:10
@time:24.509
@trys:2061400
@seed:107980007
@dps-begin:
18957,813,3261
12130,6327,22637
3681,10742,10972
6806,4092,17310
5777,2673,20215
3971,13174,1592
2320,9927,4475
22050,16050,2695
22786,19276,6382
16833,22244,2580
@dps-end:
@rep:11
@time:24.648
@trys:2061400
@seed:106368047
@dps-begin:
2820,9941
21031,4153,4989
4553,6953,21278
9683,23145,11692
15808,13313,14506
22933,2744,2475
24105,25018,18396
7845,936,12894
15121,15272,3359
1142,1242,24972
@dps-end:
@rep:12
@time:25.094
@trys:2061400
@seed:99187427
@dps-begin:
24562,14696,11066
9683,16627,8360
12066,2600,13019
16992,4824,20253
22153,3643,1741
8673,21427,13704
10128,11828,18251
21224,13306,971
22288,11089,16120
5606,2086,18168
@dps-end:
@rep:13
@time:25.063
@trys:2061400
@seed:98976029
@dps-begin:
2400,8951,17962
10273,18308,17259
24740,6980,4716
22296,17535,19215
4453,13194,7967
13168,710,23206,698
17925,14971,18525
11284,19797,8937
4434,18410,7837
1385,9402,4461
@dps-end:
@rep:14
@time:24.785
@trys:2061400
@seed:97875523
@dps-begin:
22552,16812
4209,12708,8957
22834,1003,14331
20279,11656,17212
3152,3991,10654
885,9990,6604
18696,10937,14491
19395,6422,4670
23285,9046,3430
14176,9337,21133
@dps-end:
@rep:15
@time:25.33
@trys:2061400
@seed:96763291
@dps-begin:
7459,6357,15464
1088,22780,1549
16309,23899,11692
1324,12412,17486
12016,13330,1615
721,21031,20041
9445,20279,9498
16721,4307,23946
12659,20776,21887
8498,14197,16380
@dps-end:
@rep:16
@time:24.747
@trys:2061400
@seed:95808337
@dps-begin:
21092,12205
14576,15461,2475
10996,17748,8808
1889,4453,4648
14368,20197,15500
16995,11925,1990
20388,6601,9805
7217,23820,22796
18432,23521,10455
14258,5492,16539
@dps-end:
@rep:17
@time:24.747
@trys:2061400
@seed:94847387
@dps-begin:
12181,6125,23518
16659,16841,10540
3364,9210,11933
721,3282,23445
8498,2060,18575
4264,18442,19502
13122,22810,13342
9542,24889,10123
9396,134,8574
18833,24251,17614
@dps-end:
@rep:18
@time:24.659
@trys:2061400
@seed:87552823
@dps-begin:
9297,20918,24123
21681,23356,22815
18290,3862,4461
12356,1928,10621
21208,18440,3980
2098,16925,9934
12483,23004,2237
10002,2121,11066
15489,12066,18587
1120,13109,10172
@dps-end:
@rep:19
@time:24.397
@trys:2061400
@seed:86842271
@dps-begin:
6560,13666
22552,23915,6989
2944,17844,24826
8498,18696,8221
418,12421,13435
7702,3991,12861
19282,1460,12679
6936,7998,7743
21110,682,4447
3521,13925,23786
@dps-end:
@rep:20
@time:24.471
@trys:2061400
@seed:80650457
@dps-begin:
16627,4487,2588
11778,24066,8965
24889,16987,7148
15427,6795,1535
15173,11925,11767,17145
1792,21938,5544,22142
1777,24053,7594
7544,8585,17004
16169,19946,9039
14444,13918,3118
@dps-end:
@rep:21
@time:24.751
@trys:2061400
@seed:78220001
@dps-begin:
13938,15798,4491
20918,12777,5244
4176,22552,8175
9539,4205,16701
11648,7544,24664
9349,20711,7630
234,1899,7902
4464,21127,6510
11233,675,1003
10610,13779,23338
@dps-end:
@rep:22
@time:24.908
@trys:2061400
@seed:74585729
@dps-begin:
22885,9594,13757
21217,17747,7032
20753,23318,4285
14648,6120,1183
13270,2650,3933
10625,5538,8414
14763,17660,11183
22752,9683,23095
20068,23814,11195
14851,22375,15483
@dps-end:
@rep:23
@time:25.151
@trys:2061400
@seed:73852469
@dps-begin:
22096,6640,4728
6368,22658,16539
23889,17450,11470,15406
4896,24256,12066
6279,17929,16618
2243,9670,5674
18801,1075,9396
10864,17395,23638
12659,21267,6572
23509,23285,13948
@dps-end:
@rep:24
@time:25.125
@trys:2061400
@seed:68750849
@dps-begin:
22944,7527,20154
20501,8076,23022
7776,4346,21215
25088,22377,971
21713,6622,3087
22166,20568,15161
1650,12284,11151
22119,17161,12906
22324,7574,5179
18182,20271,9439
@dps-end:
@rep:25
@time:25.4
@trys:2061400
@seed:58160551
@dps-begin:
20753,13112,17674
3472,3713,4052
17383,9399,2207
14676,17876,19772
5056,8662,11196
16915,4264,8494
7264,4264,13279
8130,16659,20212
16337,22586,18492
6950,9723,17036
@dps-end:
@rep:26
@time:24.684
@trys:2061400
@seed:45320477
@dps-begin:
22484,20296,6682
17939,4772,24565
24880,23220,19738
7429,13382,5994
19093,22524,18623
13221,14846,21199
22995,5478,5464
1049,23785,14653
18706,8009,8412
13856,12100,16153
@dps-end:
@rep:27
@time:24.578
@trys:2061400
@seed:31913771
@dps-begin:
17362,779,24303
5681,2004,10972
5536,16248,5884
24689,19313,4061
16929,2254,22702
5027,14540,20397
18410,23642,16123
1441,22822,12959
2497,20148,1732
6665,6589,19599
@dps-end:
@rep:28
@time:24.389
@trys:2061400
@seed:24096223
@dps-begin:
15733,9531,4094
16164,2372,20171
12066,403,19671
645,20517,3709,17245
692,15149,5135
17300,9941,12710
8032,454,22526
15124,11157,10519
16721,20298,6828
22547,10723,15855
@dps-end:
@rep:29
@time:24.503
@trys:2061400
@seed:16980937
@dps-begin:
12066,17514
17269,3959,16327
4807,15210,19452
19552,18532,1749
14753,16050,17383
5814,25015,15659,7150
20612,21287,20271
15576,1609,24235
11091,2614,15768,508
2896,24130,8940
@dps-end:
@rep:30
@time:24.721
@trys:2061400
@seed:8261369
@dps-begin:
9824,7527
24538,14491,10379
25042,22531,296
8646,4236,12975
12066,23106,24646
11600,1441,20772
16400,1512,23915
4673,5938,4057
13242,12362,14604
21905,20626,3141
@dps-end:
