@rep:1
@time:6.703
@trys:4041400
@seed:179424673
@dps-begin:
2304,2826,3215,2385,338,3295,486,2219,2159
1668,2952,3163,2105
3268,3349,2070,1278
3971,3469,3406,2768,528,274,2707,1058,1956,617,2921,3443,1460,121,122
969,3020,3542,606,2082
1683,2649,420,2153,1449
1347,984,2649,2169
1485,1558,28,3613,1440
729,3244,3055,2226
531,857,1120,488,571,2239
@dps-end:
@rep:2
@time:7.337
@trys:4041400
@seed:125164703
@dps-begin:
962,2194,276,2844,3377
1025,1433,1370,3940,2796
2376,2844,2082,1571,3127
513,3400,1528
1030,1871,1808,753
133,234
2630,729,94,3238
1858,1801,907,3341,3661,465,1187,2414,1915
3557,3383,571,639
1158,1289,1302,3224,3163,1891,2596,818,375,1851,956
@dps-end:
@rep:3
@time:6.624
@trys:4041400
@seed:132011827
@dps-begin:
3595,2923
1792,1880,2672
2304,1605,3928
1792,1603,1094,1571
1792,258,1154,3204,3529,1685,1588
3141,3662,478,1247,3811,1956,40,809,3691,1969,2290,2551,2047
1154,2951,2956,2598,3504,497,2611,696
532,3670,1367,2597,1001
962,3782,3542,2717
2819,1028,3341,1616,1553,2912,368,3638
@dps-end:
@rep:4
@time:6.581
@trys:4041400
@seed:124987441
@dps-begin:
781,1487,982,3235,2417,2745,636
3207,729,3549,3254,445
1792,3357,1837,2417,1471
2649,1052,3629,1586
1474,3987,3163,1211,2365
3343,532,2298
1610,2939,894
3596,3541,742,1663
1607,610,122,3514,2427
641,258,262,1161,3661,3791,2191,1552,2643,1302,1110,1625,539,927,2272,3173,1383,3694,2236,636
@dps-end:
@rep:5
@time:6.725
@trys:4041400
@seed:123979721
@dps-begin:
1028,3298
398,1551,337,1877,3224,3163,1247,1835,3827,2356,3511
202,790,571,1919
3847,2002,2131,2853,554,1453,1325,2295
2508,3163,877
706,2820,261,1822,1962,1902
1730,3977,1035,1558,350
2315,532,3046,1896,3631,1982
579,1924,967,3542,1573
2440,729,3501,2672,3761
@dps-end:
@rep:6
@time:7.095
@trys:4041400
@seed:119777719
@dps-begin:
583,3797,729,730,234,1330,757,252
1739,2836,2133,181
960,137,1558,3036,2018,2419,947
2444,729,2169
2498,2709,2649,3247,1591,952
3525,1286,3024,3232,1249
1669,462,84,2269,488,1640,2986,3757
2761,3867,1528
976,1558,2079,1022
3595,3551,2467,1399
@dps-end:
@rep:7
@time:6.854
@trys:4041400
@seed:117705823
@dps-begin:
708,984,1964
68,1553,3158,984,2086,1708,3440,1141,439
532,21,544,2494
76,1294,2133,2292
196,3725,2642,84,2133,427,1462
1681,3542,2035,3831,1723
1664,3980,2002,3046,3882,3383,3897
3456,2754,966,3277,3471,1873,1939,1761,3892,1528
3649,1866,1100,2126,2387,1558,666,1510,1707,748,2092,2801,57
2381,729,3751,2858,3250
@dps-end:
@rep:8
@time:6.702
@trys:4041400
@seed:112131119
@dps-begin:
644,1239,2082
3714,3853,3344,285,672,3440,1141,2105
1284,1224,3147,2383,531,3093,3673,2779,2717,2653,3871,1056,2722,3107,3688,811,2927,3567
644,532,1180,3321
2,719,2517,3542
964,2002,3357,3296,304
2820,772,2707,1364,1442,34,1135,1401
1025,1345,322,1863,334,1050,237,504
532,31,609,1136
3088,1558,1371,554,2808,1658,2366
@dps-end:
@rep:9
@time:6.756
@trys:4041400
@seed:108626351
@dps-begin:
148,3295,1460
2561,1141,2620
3295,1141,1531
1858,2820,3272
2625,1030,1352,650,976,593,3743,1249,1955,995,40,1715,3764,3703,1912,1340,3133
2756,865,571,254
3670,984,2654,2800
2369,1858,67,3658,3339,2002,274,159,480,3880,3753,1006,2870
1792,3474,539,1828,3452
1536,1218,1927,3412,3672,2014,2655,868,3945,3119
@dps-end:
@rep:10
@time:6.705
@trys:4041400
@seed:107980007
@dps-begin:
2311,2125,3542,3184,3642
2960,3802,1387,1720
1792,3782,1161,1882
3208,2762,3542,2409,2928
522,2082,2804
3521,2820,1162,3491,2033,497,3131
0,2049,515,1221,1750,1174,151,1881,2331,1835,2667,43,3060,3956,1141,312,2429,2175
1664,3912,842,3163,1819,1009,1721,3646
1481,3210,497,3449,3774
2568,3542,3170,357
@dps-end:
@rep:11
@time:6.652
@trys:4041400
@seed:106368047
@dps-begin:
1958,2220,3187
3163,678
331,1749,1558,1879,1114,1627,1435,1119,2082,2851,617,956,575
2304,2575,1235,3668,3542,792,861,3809,359,3432,3114,244
265,2258,2771,3163
2082
343,3430,3689,3819,3133
3975,1935,2575,984,811
3725,2002,2526,2974
576,2508,3861,1879,1307,1436,351,1330,1528,3197
@dps-end:
@rep:12
@time:6.609
@trys:4041400
@seed:99187427
@dps-begin:
1094,848,3163
1162,2729,368,1141,1087
1025,2530,2169
2689,1927,519,1291,2636,3406,208,2002,2067,213,1187,165,2469,102,1383,3438,2030,3698,2554,2815
1229,3285,806,2535,497
3972,1798,1624,856,2082,1506,1844,508,1278
392,2824,593,18,3230,1251,1955,1380,1192,3306,2350,2740,1141,2808,2747
3459,4,2631,716,462,2383,2897,1236,3996,2082,1444,3750,3628,3116,1133,3252,2549,311
452,2958,3542,1844,631
1792,1280,2732,1972
@dps-end:
@rep:13
@time:6.602
@trys:4041400
@seed:98976029
@dps-begin:
1528,2042
515,1249,3755
2826,3531,2082,3370,2236
1349,1607,1229,1699,2409,1649,122
984,2283,2611
1794,1930,1291,1300,2591,3811,37,3377,2935,1720,830,767
2436,727,153,26,3802,1439,2082,2915,3491,3303,3624,1320,685,1590,1467
878,309,2488,889
3341,730,3036
900,3401,1249,3881,3759
@dps-end:
@rep:14
@time:6.621
@trys:4041400
@seed:97875523
@dps-begin:
3658,1528
1056,2233
1931,3932,1249,2488,3323
3525,3163,868,1141
796,3101,2914
2082
1558,2839,1328,188
984,2980,2420,1333,441
2774,2456,2971,1195,3053,3438,497
1102,2006,2519,2649,3448
@dps-end:
@rep:15
@time:6.656
@trys:4041400
@seed:96763291
@dps-begin:
584,2133
73,1227,980,3932
265,1624,729,2108
2304,3203,3730,1647,2544,2033,1399
3841,3330,1284,3850,3917,1999,3983,3218,2785,369,1976,1785,3450
3268,2336,2024
593,2525,2281
2082,2546,950
2820,2183,2464,2721,2276
1728,3394,466,1749,2453,3741,1249,1640,52
@dps-end:
@rep:16
@time:6.635
@trys:4041400
@seed:95808337
@dps-begin:
1603,846,3215,2198,3936,2915,933
2521,1528,2300
1176,1127,1528
2820,3144,264,1295,1505
3139,3080,3668,100,1828,1067,2925,122
409,3491,999,2023,298,1387,2543,754,3197
3776,1025,2721,3495,561
1608,3542,1575,2876
469,729,45,3373
1228,1615,917,1558,408,3942,1642,1834,2869
@dps-end:
@rep:17
@time:6.634
@trys:4041400
@seed:94847387
@dps-begin:
984
1025,969,347,2460
3163,2541,1136
2968,2082,884
3274,976,2649,2740,3068
3542,3111,2537
2773,2776
1792,590,542
3904,3846,2133,3484,1185,3496,1651,2613,378
2752,1025,1665,261,521,1816,3998,165,39,1961,1069,3058,57,1086
@dps-end:
@rep:18
@time:6.627
@trys:4041400
@seed:87552823
@dps-begin:
2689,1028,213
3542,27,989
2954,2602,2671,2743
706,2082,3192,1468
532,2224
3862,2082,1258,2485
2118,2901,3482
83,1894,497
1353,714,2133,1886,1829,2806,3963
1096,1641,1012,571,443,381
@dps-end:
@rep:19
@time:6.642
@trys:4041400
@seed:86842271
@dps-begin:
3295,3935
2321,2082,1636,296
497,948
3542
2063,3300,2791,488,1330,2931
1856,1927,423,3775
2050,1413,1103,1106,1300,1816,488,1151
1792,2181,2118,1104,532,3875,166,873,2033
2370,1352,2448,2844,862,2856,700
2564,3465,1425,1812,1558,2969,3101,991,1056,3046,679
@dps-end:
@rep:20
@time:6.68
@trys:4041400
@seed:80650457
@dps-begin:
3946,302
3542,2406
2307,2844
274,2152
3268,1885,2082,1267
1025
1610,887
2073,2521,3618,3179,765,959
1610,3750,2738,3768
2192,2708,2267,1052,3710,2207,767
@dps-end:
@rep:21
@time:6.652
@trys:4041400
@seed:78220001
@dps-begin:
1028,3096
3542,2462
2377,1548,1558,2711,2207,3616,2081,2469,2856,1212,255
984,2649,3102,2491
2629,2515,2650,3363,488
1028,968,2954,2956,1292,3614,2079
1509,488,2811
2500,918,1430,3802,380
1601,3461,1994,3917,914,531,2133,2586,1818,1509,2283,301,57,3067
2112,1038,335,984,280,345,2594,484,1002,564,1849,1023
@dps-end:
@rep:22
@time:6.592
@trys:4041400
@seed:74585729
@dps-begin:
3459,1289,525,3110,2483
3596,796,2909,798,165,1069
3718,2507,2649,2853,2414
1058,571,3389
3661,3856,1489,3217,657,2387,3862,2198,669,989,1567,2272,1249,33,3235,685,2547,2612,1014,1401,3129
197,2822,1543,976,3667,2525,497
769,2887,2911,3109,3248,497,2935,1081
192,2251,2671,497
2313,532,3168,3832,441,510
1025,1935,2897,2909,2480,1779,3254,887
@dps-end:
@rep:23
@time:6.621
@trys:4041400
@seed:73852469
@dps-begin:
3459,2504,79,1690,606,1574,442,959
1792,142,2024,3519
1610,214,3894
1610,147
1558,3750,1450,1462
2631,1307,2844,364,2030,2037,1141,3135
3151,281,1246,3170,1128,1141
3911,1096,2059,1617,2002,1749,1048,410,3683,2927,3768
3341,1558,1368,3930,3878,3581
3971,2820,973,104,2859,3757,3310,627,692
@dps-end:
@rep:24
@time:6.68
@trys:4041400
@seed:68750849
@dps-begin:
2000,3163,488,2996,251,3580
2082
452,1996,784,1821,1375,165,39,2097,1268,3322
2820,521,3919,1783
515,3459,3465,1296,2020,1645,1133,3118,3956,2039,3195,2236
970,3797,2459,2844
2636,2586,2334,2866,3058,571
769,3394,390,2311,589,3351,2519,348,3037,1249,3620,1516
3521,1048,1573,2348,497,2806
1025,3779,2323,3032,1452
@dps-end:
@rep:25
@time:6.637
@trys:4041400
@seed:58160551
@dps-begin:
2082,3057
1558,992
2633,2188,274
37,2065,2002,531,2707,1814,2903,1210
1792,523,398,2960,1942,3899
2896,2525,2033,1267
2149,437,2047
962,2133,213,2012,57
3014,713,3658,783,2649,1498,992
397,1558,1308,1187,1510,3114,1197,560,184,59
@dps-end:
@rep:26
@time:6.974
@trys:4041400
@seed:45320477
@dps-begin:
517,1928,2389,1558,924,3103,2530,1006,3631,2352,1852
781,925
392,3541,2140,3550
2133,1755,2167
1141
3351,1690,1450,2157,881,2552,2554,3771
1025,1287,1928,2892,2069,982,1497,3483,1119,2228,3704,894
1558,546,2047
2183,2760,2516,2352,571
1873,2322,1749,2774,39,1192,497,3003,1340
@dps-end:
@rep:27
@time:6.805
@trys:4041400
@seed:31913771
@dps-begin:
3716,145,2525,2656,1632,3552,292,935,1258,2477,3310,2483
325,73,1056,1200,3385,1279
3459,2850,1468
492,2063,3984,853,2453,921,2297,2526
3713,325,2859,2773
1924,392,523,2131,1558,3867,2528,3175,380,1724,765
2082
729,345,1756,2783,3449
148,3928,3235,488,1648
2313,779,2649,2414
@dps-end:
@rep:28
@time:6.674
@trys:4041400
@seed:24096223
@dps-begin:
3160,3618,2274,1768
976,2512,987,3690
708,2566,198,456,3917,2711,3546,2525,2464,933,1509,2856,2612,3126,1911
3295,944
3163
3341,1557,431
2820,2436,3426,1458,438,1340
2133,3307,3575
1025,2372,1096,1873,2324,927,3698,2811
1927,461,252,1149,3775
@dps-end:
@rep:29
@time:6.608
@trys:4041400
@seed:16980937
@dps-begin:
586,3921,211,3797,2528,3757,1141
1038,1489,469,2984,2801,1141,1525,378,2811
3541,406,2784,2876
3459,2187,1195,500
3329,3978,3983,2133,661,3703
2082
515,3595,1240,162,34,2662,486,2860,3576,1979
3542
1025,1671,2061,1944,2972,2846,370,1017,1852,828
3266,1096,3026,2450,3355,1249,751,882,500
@dps-end:
@rep:30
@time:7.087
@trys:4041400
@seed:8261369
@dps-begin:
3392,1924,2707,734,933
2369,2707,2844,1056,106
651,2133,504
2649,2270,2022
3462,584,1994,984
1473,3089,1746,796,2140,2092,3506
641,2625,2244,3341,590,79,2002,2133,2207,3173,169,2473,2285,3633,1396,3508,1340,3197,445
1182,734,2854,488,2856,1458,1720,2747
1687,1249,3888,1521,821
729,2416
@dps-end:
