@rep:1
@time:33.069
@trys:4041400
@seed:179424673
@dps-begin:
23393,13382,17326,6942
1441,1251,1021,1150
21017,14971
9079,5356
17154,5389,16978,14233
6947,14180,3581,24127
23689,19215,12498,24024,11641,11293
18410,21260,17869,7725
12737,4002,22053,21272
15296,769,3298,7303,17228
@dps-end:
@rep:2
@time:33.417
@trys:4041400
@seed:125164703
@dps-begin:
6149,3688,9938,18323
12737,3538,7527,15645
4742,16430,14776
11490,24402,15603,5190,14734
1441,11850,14315,14324,19285
24434,6005,517,24567,606
20193,21697,6819,431
23718,9640,4249,15710
8617,19992
1924,16858,10799
@dps-end:
@rep:3
@time:34.283
@trys:4041400
@seed:132011827
@dps-begin:
21864,3707,1179,18111
24458,1294,12597,6774
21264,1909,2300,21278,20511
16609,6821,21452,9201
4501,20549,8166,4559
17291,22799,1052,23356
11280,18290,51,9208,4543
11170,11395,6317
5248,16245,23064,19114,3359
4453,786,19474,19413,2300
@dps-end:
@rep:4
@time:33.218
@trys:4041400
@seed:124987441
@dps-begin:
25046,19831,22713,11644
2243,1800,5192,9100,17341
16880,17268,23773,23278
21540,4938,10009,9211
8362,459,634,3419
16970,22383,18194,24562
15812,21552,10034,9652,3991,25114
39,8715,3991,4344,22782
12661,24439,1931,11643,15755,24124
2065,258,16323,14518,10886,2444
@dps-end:
@rep:5
@time:33.145
@trys:4041400
@seed:123979721
@dps-begin:
4339,19579,11807
13189,17415,14185
12456,205,2739,20182
6933,14774,1402
24224,8386,11052,22381,24303
15840,23329,5226
24710,21767,6062,1942
18816,12483,16963,21092,17342
9056,2790,15945,21005,15410,21366
9547,11244,7217,12247
@dps-end:
@rep:6
@time:33.056
@trys:4041400
@seed:119777719
@dps-begin:
24710,16969,15882,19227
8459,24633
12083,7544,12680,21068,21021
24967,4302,18671,2130,12343
234,5610,13515,5616,1983
1698,6705,14194,10132,472
24999,21301,24919,24600
25201,22614,2951,17223,18381
12207,18070,13400,13338,15903
6785,2860,2801,22201
@dps-end:
@rep:7
@time:33.08
@trys:4041400
@seed:117705823
@dps-begin:
6446,7764,14043
7091,21707,1775,7535
22053,11852,344,7517
15310,23920,6652,9405
22834,3837,8798,17903
10625,11315,8454,11386,15452
14250,20847,8278,24023,2300
7781,748,6640,7836
18501,25157,4264,8752,819,2196
18573,17104,21747,5779,18486
@dps-end:
@rep:8
@time:33.597
@trys:4041400
@seed:112131119
@dps-begin:
1717,7318
4299,18508,848,8702
5504,10753,391,18066,12567
1477,7761,18679,7193,17883
432,4821,15814,2777,15513,1741
14150,19082,21295,19348
11271,14252,24813,17112,25209
2300
7686,14861,16850,16439
22053,24618,15850,23695,24062,19679
@dps-end:
@rep:9
@time:33.324
@trys:4041400
@seed:108626351
@dps-begin:
12066,19861,18201
16818,22117,19416,4938,24621
5255,3146,14476
9217,22934,3991,20711,8954
16001,579,20817,15603,5981
17038,16050,4340,6999,22104
22371,2151,7053,20530,1075,16598,18008
2320,20962,2248,5401,19849,1420
9969,11778,23380,5350
6099,21590,24168,3835,19215
@dps-end:
@rep:10
@time:34.173
@trys:4041400
@seed:107980007
@dps-begin:
3011,14639,12914,17844
1323,7504,21172
1954,6357,17509,4699,9148
12066,1362,4883,23963,17741
15045,5669,2061,21550,24308
3560,18867,15700,9274
5187,6821,19678,23903
1476,2312,6158,5851,7645
65,16237,12240,18203,23711
1294
@dps-end:
@rep:11
@time:33.422
@trys:4041400
@seed:106368047
@dps-begin:
98,1124,14439,6357
22401,16645,24303,21328,17852
7217,17553,16090,924
391,9483,5429,23511,4313
9315,6422,18679,20344
2880,9858,20279,10329
14185,19657,18164,5974,15007
7527,17991,10993,21340,2364
1460,8758,11094,16137
229,1257,6990,19470,22933
@dps-end:
@rep:12
@time:33.447
@trys:4041400
@seed:99187427
@dps-begin:
3073,8498,23673
2243,6420,21526
6640
16835,2499,7628,11422
3936,23272,17967,24889
14870,3354,2588,10719
16482,9890,21092,8948
1091,11012,6821,12748
23329,6476,21434,20826
224,20226,10500,12550,14600
@dps-end:
@rep:13
@time:33.223
@trys:4041400
@seed:98976029
@dps-begin:
20033,4340,22901,9405
24128,6819,24484,15812
20416,19154,18789,4264
1441,23981,17293,4186
3299,8804,8010,5426
21021
9064,14586,25227,21021,7006
8484,7883,1294,11766,21563
15267,4294,4713,14412,13233
24256,15603,9653,14730,9213,1775
@dps-end:
@rep:14
@time:33.458
@trys:4041400
@seed:97875523
@dps-begin:
24323,2920,2922,7096
14700,9334,19229,829
13265,8532,9527,6617
8555,13459,18804,20279
15161,13500
13967,20592,19252,2484,20918
24131,5455,10996,19417
13026,23109,21396
234,17427
6357,23048,9498,11023
@dps-end:
@rep:15
@time:33.155
@trys:4041400
@seed:96763291
@dps-begin:
9826,18057,20913
22503,12682,670,20271,18303,2479
9639,2098,13426,24024
1995,9486,24751,11605
3043,16229,3760,14971
13698,8498,18642,5909,7447
14848,18020,16625,18421,1013,24639
14401,14643,3571,8717
11986,18307,8294,3048,1741,2399
7527,20489,1900,17805,11470
@dps-end:
@rep:16
@time:33.49
@trys:4041400
@seed:95808337
@dps-begin:
9137,2444,23470
7544,13176
24289,13382,16300,8498,3604
16678,21287,23208,23219
1568,9515,2929,22867,11443
19752,42,22780,12829
15204,17383,2823,18873
14912,24215
1632,19014,6026,16895
8905,6921,9231,2130,13054,13406
@dps-end:
@rep:17
@time:33.524
@trys:4041400
@seed:94847387
@dps-begin:
16835,22755,4264,19599,24702
0,17962,18075
16800,12577,22406,16520,2989,16593
5332,1192,331,20397,11134
101,16230,15313,661,22552
9093,13669,4263,17386,1016
1441,12710,10886,17083
8163,24363,10834,23223
24576,3362,72,11318,8374,20280,13530,24635
16704,16274,1717,5990,24007
@dps-end:
@rep:18
@time:33.565
@trys:4041400
@seed:87552823
@dps-begin:
5538,15763,1364,16316,7422
2881,18472,1741,572
8737,17774,17777,9841
6640
11666,10453,24217,13084
3688,16090
35,16880
836,11397,8300,21134,11796,22552,9784
7940,16647,21437,7165
2381,18927,25202,3353,13882
@dps-end:
@rep:19
@time:32.974
@trys:4041400
@seed:86842271
@dps-begin:
21987,17552,17844,475
23329,12747,19825,18808
13382,1871,12951,18743,11450
1441,10884,426,13266,19157,6234
9539,15560,10299,16957
5987,1616,24919,2618
22179,17097,2300,12797
19010,16548,4877,15032
7276,20596,10902,1273,23709
11552,12905,13585,1266,9208
@dps-end:
@rep:20
@time:33.386
@trys:4041400
@seed:80650457
@dps-begin:
2368,22053,5798,6350
4742,18726,8809,2840
18734,3407,17520,10996
7588,22405,11911,1694,17310
19752,18410,1869,3923,15963
12720,10514,22500,18567,11273,16619,14861
17091,24710,8045,7920,2256,19548,13535
3712,14727,9037,19445
13834,23600,17651,14996,3991
2144,4742,22030,15858
@dps-end:
@rep:21
@time:33.529
@trys:4041400
@seed:78220001
@dps-begin:
2627,21868,20279,15804
16358,25001,5045,17883,23389
16400,1813,24633,2347,17373
1717,3413,6746,21661
5794,22799,16498,14100
21764,8774,9425,16245
24710,21713
24000,10164,7262
8355,18410,5713,18170
25027,24303,19387,16764
@dps-end:
@rep:22
@time:33.602
@trys:4041400
@seed:74585729
@dps-begin:
9380,11269,20232,22552
9842,7527,23771
20628,16855,3946,4891
12107,750,20271,18512,10424
16546,21061,20112,1460
11267,10060,2300
15176,721,7125,3550
3364,13382,15248,599,28
14755,23255,10942,6782,8462,24159
13300,2102,20729,17022
@dps-end:
@rep:23
@time:33.815
@trys:4041400
@seed:73852469
@dps-begin:
13680,18713,12078,9407
613,13062,20279,23272
7146,5113,25178
84,13882
1568,24576,2437,9095,5095,6683
2130,1460,7252,20799
993,21969,8348,8702
21313,3050,15915,124
9545,9278,4254
4736,23976,13428,9497,2300
@dps-end:
@rep:24
@time:33.501
@trys:4041400
@seed:68750849
@dps-begin:
12066,14850,9443,24643
11395,17354,7864
5905,15603,24068,5879,5034
7622,234,8141,17328,12690
21920,24323,24587,6640,15569,18582
8035,15216,23026,24217,7961
24841,7567,24919,6168
9668,14800,23953,2424,19899
12741,7913,23219,10110
6146,16018,24917,405,23673,16379
@dps-end:
@rep:25
@time:34.807
@trys:4041400
@seed:58160551
@dps-begin:
11137,11797,22552,5502
10245,20918,14842,7677
7360,16743,18440,18990,24271
14187,3791,11960,22971
11536,4401,6038,3082,14971,1039
13219,22893,24949,24889
12422,24073,4716,20724,1757,12510
12017,10435,24919,19544,2925
15334,3661,2648,18140
16161,7105,19476,4889,19228,957
@dps-end:
@rep:26
@time:33.298
@trys:4041400
@seed:45320477
@dps-begin:
12737,9714,1306
8017,17332,19797,12759
12421,1081,21258,11948,17789
3785,18155,532,18580,23477
18022,6381,9683,24889
14897,5172,21179,8763
20452,18314,13387,24853,17886
6438,9734
6794,21912,11992,7262,2655
23345,10757,15670,9449,5743
@dps-end:
@rep:27
@time:33.164
@trys:4041400
@seed:31913771
@dps-begin:
7078,21021,7471
5348,12710,25044,15071
9714,14150,13511,13934
16995,12725,16535,2408
3904,20004,21420,14861
18338,16047,20634,16507
6368,6891,18677,4440
24451,13543,20653,6334
13387,19249,19250,13853,8959
8706,14185,5903,19094,13882
@dps-end:
@rep:28
@time:33.295
@trys:4041400
@seed:24096223
@dps-begin:
10223,4112,24889
12451,6284,5784,16987
13234,4002,9124,2735
14048,17805,24303,18004
24995,391,2023,16495,16409
18598,971,20939,1676,12666,23965
8011,18702,7222,2300
22797,22288,19347,6645,4216
18627,11321,3162,8559
6821,18341,22540,13752,18490
@dps-end:
@rep:29
@time:33.272
@trys:4041400
@seed:16980937
@dps-begin:
4264,7357
20552,21129,22352,5663
18723,8145,16217,6075
8180,20939,22237,21919,21535
6224,7544,20185,23261,23582
21092,8633,17900,7534
19555,5425,8498,11731,21142
1888,971,10190,21553,18719
22311,17259,21649,10037,9531
17744,817,5048,11066
@dps-end:
@rep:30
@time:33.176
@trys:4041400
@seed:8261369
@dps-begin:
7527,9714
22371,11492,1415,14296
6667,9457,10133,4986
14643,4551,13496,17626,4715
12297,15018,17771,2130,23550
17127,17832,13166,17844
5536,17520,3739,219,2111
10657,23308,15598,13426,24116
2707,11709,2077
22803,14185,2957,2973
@dps-end:
