@rep:1
@time:85.294
@trys:2061400
@seed:179424673
@dps-begin:
12558,32031
2390,19294,34255
40036,5914,9373
8068,8679,4155
37505,41770,38670
38176,32998,13103
11497,37836,41613
38354,8674,38707
6746,20428,22493
34917,37638,40940
@dps-end:
@rep:2
@time:84.453
@trys:2061400
@seed:125164703
@dps-begin:
19450,36075,27294
8625,17638
791,42430
39393,20390,3001
22518,41606,10445
32992,34917,9454
32647,30202,31695
16518,10824,23161
13090,9062,12126
17717,213,13662
@dps-end:
@rep:3
@time:85.158
@trys:2061400
@seed:132011827
@dps-begin:
20390,13222
35796,27085
39072,12594,22067
33047,12057,34238
36611,10132,5094
35092,23653,1432
19360,20390,43675
15415,11737,13647
8387,10311,9930
4337,25608,5962,32316
@dps-end:
@rep:4
@time:85.159
@trys:2061400
@seed:124987441
@dps-begin:
14468,43530,12558
35299,41592,8985
11604,8206,4574
2163,405,32998
36679,41641,31470
27795,25802,19503
42450,1778,28600
6979,38600,1705
38756,26294,25775
17367,34011,38111
@dps-end:
@rep:5
@time:84.711
@trys:2061400
@seed:123979721
@dps-begin:
540,27085
17731,30762,6508
24291,39205,39063
15223,2830,26910
20390,1367
24993,2299,27085
36608,6979,40437
30770,37139,19277
13747,21704,15129
31168,11193,25898,31503
@dps-end:
@rep:6
@time:85.13
@trys:2061400
@seed:119777719
@dps-begin:
8068,20557
13747,24538,21342
9536,18222,23566
44130,1591,41596
26330,18556,31565
177,30518,1322
17731,1476,34776
16643,11877,20390
39026,37363,16374
40560,21633,28405
@dps-end:
@rep:7
@time:85.831
@trys:2061400
@seed:117705823
@dps-begin:
23337,42430,35982
20363,3452,34831
24274,36099,14165
42582,24061,25439
34192,35749,29244
22174,23310,12639
1911,37836,40028,16733
25965,21725,16286
9858,8633,40427
40988,12284,14460
@dps-end:
@rep:8
@time:84.659
@trys:2061400
@seed:112131119
@dps-begin:
33185,4306,38670
25331,8787,22808
17298,9014,42025
28372,38168,17612
33457,2711,477
5016,37499,30028
44384,16310,33143
19137,26264,60
2721,3625,12799
39063,30890,20207
@dps-end:
@rep:9
@time:85.152
@trys:2061400
@seed:108626351
@dps-begin:
6979,613,14718
42582,9098,30479
41762,4633,29020
23296,17393,26419
21125,22471,4063
44129,22355,43656,20958
34438,38091,17469
30164,9846,27901
20811,24396,36252,525
30114,27635,14372
@dps-end:
@rep:10
@time:84.977
@trys:2061400
@seed:107980007
@dps-begin:
37171,25590,1965
1107,23161,32795
5403,13838,9503
3986,3611,42430
18183,31991,44398
42261,23758,41183
8438,37422,18367
28350,12094,7423
9329,36486,18999
23942,10605,29263
@dps-end:
@rep:11
@time:86.107
@trys:2061400
@seed:106368047
@dps-begin:
34550,4795,35694
27637,18410
27797,44269,16383
20964,23161,9934
12016,7448,40812
36178,42374,10569
17731,35253,20647,13854
39249,39221,18183,18360
8625,31334,3117
6909,27629,31038
@dps-end:
@rep:12
@time:85.056
@trys:2061400
@seed:99187427
@dps-begin:
3569,1891,8244
5911,8860,30479
39953,6568,3035,34846
35969,7637,37195
4169,26379,30479
13700,20390,41500
36775,4297,34765
21107,12723,13229
44355,17325,35903
6032,18781,35199
@dps-end:
@rep:13
@time:84.974
@trys:2061400
@seed:98976029
@dps-begin:
32998,5496
27085,33150
38504,2909,27759
9761,40842,43356
7061,3592,43646
23352,35805,35023
21200,24419,16734
23760,11664,9748
27768,38925,3581
18276,9338,26589
@dps-end:
@rep:14
@time:84.465
@trys:2061400
@seed:97875523
@dps-begin:
20081,4795
4496,5603,13294
27637,12008,19822
23776,36502,35003
25144,37241,16858
7808,5255,41082
8465,13173,37893
42997,6732,10445,5805
28392,27085
19592,30202,31883
@dps-end:
@rep:15
@time:84.896
@trys:2061400
@seed:96763291
@dps-begin:
7365,18186,17870
3569,24978,33972
6979,36307,2153
9812,24538,8188
18322,23396,14138
13730,43287,30479
35619,16772,27983
1538,7943,8459
962,11014,1881
44153,11369,26702
@dps-end:
@rep:16
@time:84.927
@trys:2061400
@seed:95808337
@dps-begin:
42430,35183
20434,30479
36416,23692,42333
42376,40379,10445
4304,9014,42119
8002,28756,12815
23322,23691,25326,878
16517,6342,1615
25512,32138,26589
19137,36551,42732
@dps-end:
@rep:17
@time:85.33
@trys:2061400
@seed:94847387
@dps-begin:
11346,39481,35694
15320,27085,41629
14807,33559,24685
19137,13450,20988
30483,10776,10217
34917,34487,18954
29392,13489,10776
27637,18766,7455
42629,18183,33722
19137,6311,39391
@dps-end:
@rep:18
@time:84.704
@trys:2061400
@seed:87552823
@dps-begin:
17840,39970,29849
13937,26362,4958
25409,32309,40750
24677,10200,30735
20065,12437,26589
26723,43748,4958
37089,17186,12818,4102
17394,15781,9423
24499,7077,38761,14607
25401,1678,35167
@dps-end:
@rep:19
@time:84.72
@trys:2061400
@seed:86842271
@dps-begin:
35346,31172,42991
24966,14506,41951
32168,22990,22095
36338,24971,21375
6979,25477
8068,42763,33039
18162,27461,3275,8636
8946,6069,30278
3360,36706,21765
6069,38501,38748
@dps-end:
@rep:20
@time:85.711
@trys:2061400
@seed:80650457
@dps-begin:
20390,44010,39837
34340,21238,3470
24356,2406,4958
35793,41000,10634
17508,24965,23753
33249,23651,32613,10300
36482,33689,13647
2731,28188,19294
21512,26250,25549
38113,36198,11351
@dps-end:
@rep:21
@time:84.999
@trys:2061400
@seed:78220001
@dps-begin:
6979,20127
29171,30479,29919
15685,21054
507,8141
39072,4116
39824,34833,4958
80,4326,24344
18084,8213,39063
13048,8905,39708
42163,35156,23758
@dps-end:
@rep:22
@time:85.828
@trys:2061400
@seed:74585729
@dps-begin:
37984,27085
8068,2443
19137,29391
37139,33972,36600
27299,32196,23660
9271,845,13070
44241,1545,27085,12797
8625,14850,21070
6136,23753,43737
40162,32723,4795
@dps-end:
@rep:23
@time:85.32
@trys:2061400
@seed:73852469
@dps-begin:
31506,20390,19485
23008,3587,19624
5682,3015,19868
6979,35876,8684
24400,5445,21512
36148,7448,33994
9812,15464,2396
32082,12739,492
16257,23859,9852
34098,6873,13084
@dps-end:
@rep:24
@time:84.693
@trys:2061400
@seed:68750849
@dps-begin:
28419,35118,23262
24705,12354,40722
25754,44269,29502
40598,36939,44269
10931,35607,15687
42631,6311,38057
60,9230,19503
25292,36798,16383
30085,25598,36351
40842,7754,24607
@dps-end:
@rep:25
@time:85.543
@trys:2061400
@seed:58160551
@dps-begin:
8068,8905
8068,38910,34271
24677,4703
37555,38131,17462
23785,35850,490
36705,17902,40974
29169,17367,31179
44269,1934,35679
14400,19450,5962
20736,11810,6844
@dps-end:
@rep:26
@time:85.253
@trys:2061400
@seed:45320477
@dps-begin:
17944,19182
30202,43180,33565
10560,41745
26617,14714,14188
8776,1096,3422
3399,32887,41262
5457,15591,9359
32580,23894,8200
4304,26089,25514
23188,19835,42079
@dps-end:
@rep:27
@time:85.551
@trys:2061400
@seed:31913771
@dps-begin:
43639,21209,17003
28017,8068,16645
36564,33893,27085
10445,38831
23986,581,30479
8771,20390,4647
9138,1125,26863
36498,5763,40203
35479,34328,10569,5657
36433,14723,19421
@dps-end:
@rep:28
@time:85.211
@trys:2061400
@seed:24096223
@dps-begin:
27091,20390,29015
9664,9858,33530
9665,7448,13113
40689,4102,36718
20321,30479,24767
37637,21718,28077
28403,16939,38670
8416,21604,25326
9201,36083,27255,6815
3127,19212,23468
@dps-end:
@rep:29
@time:85.339
@trys:2061400
@seed:16980937
@dps-begin:
16628,8887,3582
43004,27085,40045
35897,18665,13436
37434,19787,29020
30016,9014,863
15681,7142,41689
7448,25642
9667,25252,7161
17376,7875,40134,3147
23318,3975,12377
@dps-end:
@rep:30
@time:85.192
@trys:2061400
@seed:8261369
@dps-begin:
10948,20472
6979,2342
23475,9433,42554
15265,2932,33018
4309,18556,17630
41019,30926,19790
32992,29758,9503
22034,36679,10826
16937,9916,25149
39106,9014,25016
@dps-end:
