@rep:1
@time:41.371
@trys:4041400
@seed:179424673
@dps-begin:
1730,6739,16481,12131,9855
11537,6931,12013,1072,17279
23692,9362,18201,2272,13229,14195
12291,19143,1496,13340,21983,8616,15853,9710
2177,4739,4623,17551,16097,15349
13580,1294,3150,25044,1813,6102,10007,13721,14688,11041,22242,10852,9830,23656,3178
11586,5321,24594,3812,1450,9326,2351,19571,6458,11324,12028,15678,5246
207,10581,2967,17948,18403,1195,23020,9708,17260,12399,6448,23284,18489,3961,7932
25090,14980,8902,13707,14414,13976,21913,17052,19613,674,11941,11431,16692,19832,13758
14791,20177,12699,14688,19875,10797,10616,24633,9338,24699,10237,7165
@dps-end:
@rep:2
@time:41.521
@trys:4041400
@seed:125164703
@dps-begin:
7304,905,8651,22605,6488,19682,12133,24116,19829
1033,6669,2064,25175,536,4898,15600,12596,8377,10558
3523,9733,7241,9871,4049,18325,7896,1562,19628
15808,2248,5242,17597
23681,4492,3276,20556,21588,11349,23,18075,18205,18017,17636,24104,2669,20663,10553,24253
1986,25095,15948,22989,4503,19683,20205,21550,25010,5301,14520,16763,24381,18303,14655,1855
9541,18503,15054,2782,11940,635,19005
836,14282,16588,13326,24725,21141,17241,11737,679,7084,12013,23858,18228,15417,2362
14340,20105,19337,20179,4381,12830,17391,12847,18677,631
13133,2513,24275,25047,5528,22501,7079,10219,8428,17134
@dps-end:
@rep:3
@time:42.094
@trys:4041400
@seed:132011827
@dps-begin:
19523,12933,21574,13200,8464,24280,21085,22886,2045
7296,13129,2250,16651,14799,12834,24055,17529
14151,20306,10835,6678,23835,15986
6416,218,12976,16828,6590
18835,17367,20768,1790
14038,21080,3635,22067,13173,6968
18369,11075,3086,721,1113,14042,10779,13723,1179,23968,21413,24933,13545,1450,23722,14827,18674,19955,9011
15617,6852,8715,10443,11726,11475,14100,15589,20134,2791,1520
24898,14602,15439,12759,15770,6172,21148,1632,24865,15843,11044,169,12012,21934,21554,9466,61,15805
19403,5771,14284,25037,4689,12499,6560,17120,18855
@dps-end:
@rep:4
@time:42.161
@trys:4041400
@seed:124987441
@dps-begin:
19330,8139,12954,11355,20007,24560,10110
20737,1028,9490,2777,2594,1316,3832,7098
8924,2781,5986,22707
3529,25034,19941
13252,14852,20810,12811,10126,23194,23708,11101,288,16297,6832,2675,16248,5818,13244
23105,21825,24387,1803,10381,277,14362,11612,4392,5672,9394,4725,8629
10177,24322,23368,4686,2907,23390,21800,9194,875,567,20984,24699,6398
11586,16452,5445,19782,17356,13007,7581,2020,10284,14254,17206,10743,12027
15939,2630,8262,18122,24986,15197,15517,10398,1698,21028,24166,11114,6969,23038
16901,22226,16853,24857,22877,23531,15920,884,14902,10174,4670
@dps-end:
@rep:5
@time:42.706
@trys:4041400
@seed:123979721
@dps-begin:
14675,21465,16432,17140,15481
16091,5860,6565,16435,3189,1342
8731,7075,2023,25131,10923,19885,20852,3834
18688,25153,25220,14598,12581,6760,3755
18629,23436,8596,5400,6619,4666,9279
21057,18902,1125,21802
23360,22403,19654,11100,25054,13792,2788,16038,18537,5558
18176,12423,15947,8590,16673,1836,4279
7617,15621,16906,22741,3285,16025,13919,3811,7218,18419,7923,19891,249,9337,22655,8703
16392,23253,20118,24214,32,20129,12836,5160,17835,8239,17076,8181
@dps-end:
@rep:6
@time:42.092
@trys:4041400
@seed:119777719
@dps-begin:
4352,8710,12806,1172,11735,14430,24439,6011
16386,2499,10569,7644,14190,12849,8252,21311
23628,10061,1679,20771,24612,21737,11438
9348,24210,19240,3244,8110,16376
24986,19162,10687
20482,17155,4931,20420,20812,10321,3032,10143,14688,1704,20139,7213,12471,21112
6340,5900,5838,14480,7771,12653,190
20625,12818,8659,9559,6360,22174,23455,5090,4389,13351,15145,15531,20845,21805,1777,1019,16892,10111
23171,13635,1296,22737,11744,23393,9125,5413,17847,9150
8962,22723,1926,20870,14599,14990,22674,12754,10772,11157,13402,288,18032,446
@dps-end:
@rep:7
@time:42.055
@trys:4041400
@seed:117705823
@dps-begin:
18176,13978,1436,19422
14316,2160,19125,5110
4802,13129,2291,21373
4039,21709,24596,8026,6759
1931,20751,8436
13575,24008,2506,7947,25166,12116,23508,4955,2204,18350,24691,14453,4343
17097,18258,16215,9500,9373,15073,1827,11940,2534,10477,22131,23731,24501,18102,11577
15236,3461,8455,24523,18316,1485,9486,20371,915,18645,16091,14939,7707,19555,12899,21094,2537,20140,20850,9973,823,1788,14589
6336,23040,20480,10881,21122,4995,15942,3466,20108,24845,22222,19089,7378,15511,16472,2717,13024,24738,24418,4391,5993,2026,20398,6447,13366
19777,8709,18316,24404,23141,9126,18029,19821,12143
@dps-end:
@rep:8
@time:42.57
@trys:4041400
@seed:112131119
@dps-begin:
1621,21085,16612,21353,23542
24833,13386,10443,23824,19493,21735,5293,9593
10752,5057,21791,24800,7844,19941,11825,14261,18620
19330,17603,20484,7877,11209,8470,859,1191,4905,16618,6966,14774,827
10,23315,19803,11819,3888,5362,6072
14599,18443,17297,867,8818
1284,16327,11927,1822,23594,1208
13120,24770,13639,19848,16596,4322,22054,23980,22511,4785,10098,22133
8833,15553,3909,3592,1171,5681,13371,23550
16387,11592,590,12878,24399,721,1172,23317,10070,16412,22819,20198,11115,24498,8627,9847,4796,12669
@dps-end:
@rep:9
@time:42.996
@trys:4041400
@seed:108626351
@dps-begin:
13057,20225,21826,12821,5529,17253,21050,13244
14278,1800,6671,14420,14166,1111,16983,2343,23604
18504,2634,4431,22306,169
20682,9104,21458,15960,13927,4910,14007,2111
14848,20992,23236,24981,17754,3291,24765,21182
7368,11472,2328,5594,12704,24422,21560
4868,262,8527,1756,13918,16484,14388,312,4155
22339,5702,6610,9686,19421,2978,21219,17700,12772,807,949,21750,824
10114,20935,12553,8719,6231,15142,3305,23535,15343,3057,21109,24757
8397,20371,1172,2908,10526,354,21297,19834,9214
@dps-end:
@rep:10
@time:42.628
@trys:4041400
@seed:107980007
@dps-begin:
11209,11593,6671,11601,21782,3223,17816,24226
18752,18120,4379,10366
18380,19037,6305,12902,10553,25085
7758,3040,21626
2565,19148,25231,8742,3436,11635,15544
21191,393,16201,5517,144,20761,16409,17370,24731,24933,23531,21038,19570,20530,8573
18113,15748,23109,24391,14475,8011,15504,349,18215,14504,16365,7601,8817,7026,21362,23164
9984,20165,16725,10453,24991,16036,10982,5222,23849,20011,12142,23150,6832,24880,9204,20731,16955,16381,14655
7812,844,12182,23961,10398,17822,7407,7359
21829,17034,11217,22482,14045,7073,18730,11242,24236,3693,24429,9073,11121,11635,9398,10040,24248,21753
@dps-end:
@rep:11
@time:43.033
@trys:4041400
@seed:106368047
@dps-begin:
21640,23307,12689,662,5090,11434
12736,18440,8397,20008,19179
2200,2009,17382,15984,372,5179
7561,15631,9177,16604,13486,19759,23670,13114,24637,11325
19330,717,3283,3415,4638,19234,15715,16037,16175
16976,17555,7446,22935,20824,22872,22426,6683,2853,5291,24363,14766,2672,10865,17589,7413
13312,6103,24280,346,4641,21160,364,12213,18295
71,15504,20244,13141,18710,23261,17887,1570,11697,13044,11257
14273,16409,20511,17700,16421,16104,17196,9778,11700,19320,3643,254
14212,2954,1036,9167,8342,21085,2920,20713,20280
@dps-end:
@rep:12
@time:42.434
@trys:4041400
@seed:99187427
@dps-begin:
4487,14934,2071,12133,8298
16327,15433,15258,23974,18413,17910
4160,13969,15125,8152,2868,11132,8061,10046
21766,1222,11789,20818,20966,12596,11259
4115,16923,14942,3756,19308,8634
21632,24072,1036,464,14434,5540,13351,23850,1202,23860
645,22533,19785,3916,12435,2330,8221,15967,22881,24996,4838,18473,6571,23153,12213
10433,904,19915,23957,15518,6495,12065,12323,13734,4009,13805,17069,23533,21486,24239,9269,14774,16189,16765,3775
18178,3797,3805,3555,297,19058,19699,17335
8834,17668,13317,22362,3870,7589,23720,16502,19832
@dps-end:
@rep:13
@time:42.532
@trys:4041400
@seed:98976029
@dps-begin:
20107,729,20449,4142,10613,19639,22655
11717,20444,21109,10237
22346,22613,9949,5558
7754,7602,699
17984,19524,18374,17416,21645,21007,21779,24665,15391,17315,1067,15215,17332,15415,17978
19650,18885,13382,9737,4747,24524,3471,403,2587,19878,7279,7472,11889,14453,22266,3130
14485,9888,4129,19691,14833,16309,13495,24637,22399
8896,24451,2052,7687,1419,19668,6741,4437,5656,12386,14245,18984,6504,6706,2098,17654,21368,16120
22848,19782,21894,16838,12553,1228,9484,5903,10704,4629,4905,12331,1710,22191,6643,24311,8830
15620,729,12128,10208,4915,5814
@dps-end:
@rep:14
@time:42.172
@trys:4041400
@seed:97875523
@dps-begin:
14288,5795,1316,5806,16700
14682,9512,7786,1342,1087
16177,21368
6797,4049,15189,16021,1815,23768,19875,1252,20135,2027,11510,16054,15288,7868
10508,10386,5202,24340,22869,21782,8921,7338,15599,7092,11070
8002,1038,14007,17722,23804,6269,9662
3142,15942,19784,19213,2893,4563,17427,8802,17444,15013,9253,24807,9642,23600,7219,18614,23870,24191
10434,20675,325,21323,18316,1170,18147,24995,19751,1386,16492,14582,10363
259,1669,3401,21259,16975,15250,12950,11480,14553,13853,21021,18399,3310,12596,3005,20734,6527
16709,399,24091,11234,12581,16421,8874,24943,1208
@dps-end:
@rep:15
@time:41.817
@trys:4041400
@seed:96763291
@dps-begin:
6657,8577,1860,19598,15251,6880,18679
24071,2000,5203,10905,16988,23068,14621,16685,2157,17843
19329,846,15197,15392,1636,19444
6986,4249,15080,3516,12221
15425,22794,207,22747,9629,19377,12596,11124,8566,24443
2695,11272,22798,5090,20068,1193,13738,10092,20141,3761,4279,636
14026,23122,12820,3036,19488,5799,23401,22314,7025,13363,16186
5184,20484,9220,12228,8518,14791,20745,5641,5066,14165,1180,16732,5791,3488,8160,5345,2210,4009,10602,10156,4529,24179,17140,23860,11007
21569,4356,8720,17745,982,19368,3818,23726,19832,18555
21376,12807,7824,19667,19673,20444,18013,418,24867,9512,2665,3439,2288,3186,4922,187,22012,16572,7485,63
@dps-end:
@rep:16
@time:42.7
@trys:4041400
@seed:95808337
@dps-begin:
20098,5838,8464,18131,19413,4253,17834
18568,22232,17466
13582,17182,23078,17191,13748,13623,13753,16314,9279
648,22424,795,11423,12643,19812,6447
21660,6569,15736
8140,16409,3558,7095,5759
3841,2050,22161,7446,23197,4462,5617,18230,57,5178
24641,23621,3982,13397,15445,18006,17750,7510,13657,4378,20635,5606,8166,22452,4349
9033,17545,21519,11665,21847,9239,11032,25125,15079,20843,17708,7343,18416,14007,24762,19772
12928,14921,23371,24912,8722,9554,9299,9237,13206,18585,19567,22132,5878,18999
@dps-end:
@rep:17
@time:42.547
@trys:4041400
@seed:94847387
@dps-begin:
20355,12995,22411,18769,24993,23404,17848,3961,22077,22270,9151
16514,3013,24781,16149,11608,14425,2978,8035,6437,23723,23277,8237,13231,13884
12738,15634,275,17700,295
3712,2125,2577,6036,24228,13609,11436,11820,24117,17654
198,8467,1303,14687,14495,12004,293,5293,19694,11375,12276,2421,14711,4027
1418,12683,9613,18190,10959,7571,14813,1632,22308,20777,18410,10218,6699,14520,19518
6276,24580,4299,16588,22293,5782,2586,2911,23657,2985,17325,24178,16243,8437,10230,6012
11660,528,3665,9754,13155,11948,6061,15481
1606,20678,11146,20501,7322,24540,15393,4066,13224,18473,8173,18039,2296,9400,6206
10561,21128,17097,12747,13390,8718,5010,17493,790,8408,15707,412,3488,16160,1698,7139,8807,2924,23280,3505,16241,8887,824,19004
@dps-end:
@rep:18
@time:42.478
@trys:4041400
@seed:87552823
@dps-begin:
8321,17613,15375,2200,18457,3673,12579,1780
2630,15306,16779,22349,9614,7696,22736,25168,17301,24859,7581,15965,19551,6120,4016,4727,3961,18938
17156,12293,7949,657,3605,13848,24090,4763,10013,15133,5790,19941,25203,1332,12660,15614
13442,6152,23695,19791,6038,23448,8729,7522,13154,11621,21861,2663,18087,18537,17197,14897,24445
4377,15834,615,23337,14827,8430,2288,20849,5490,21682,25212
9024,10824,5259,11283,13011,23644,2911,20578,8803,20136,17898,15916,18925,16238,5879,16888,14396
10824,1874,13910,6109,24681,1065,14062,13551,18039
16578,15504,11351,18973,10915,2152,2024,7611
21249,15173,6280,12940,1935,25040,6613,25175,22040,19420,1127,169,8810,14892,20913,16883,7416,22266,7674,7099,12671
15058,10906,9306,20834,21605,878,10033,18303
@dps-end:
@rep:19
@time:42.547
@trys:4041400
@seed:86842271
@dps-begin:
11200,24130,10906,22376,22776
17989,2256,3153,15658,23098,17149,1789,19070
22597,9614,4377,15321,23027,16312
3974,3429,5161,2157
4999,25224,24091,3037,19998,21540,16357,687,17720,19066,4475,15614
22656,4737,23494,24201,12246,21607,18104,23870
10881,9666,4552,23816,14925,14990,1811,595,277,19478,20956,5991,8369,2677,18613,2934,15224,25020
16192,6979,21769,22924,17048,2911,17503,18918,4596,24575
15560,5330,12435,21398,14488,15193,8154,2532,5929,9265,6517,16189
18049,3458,16715,18064,18014,2272,19232,12967,5162,24300,3886,6269,9470
@dps-end:
@rep:20
@time:41.718
@trys:4041400
@seed:80650457
@dps-begin:
20241,10835,13216,20129,22441,22960,16828
16198,14230,8491,1068,18294,1335,14520
19983,10064,16403,23068,12730
5134,4820,21908,9188,12581,1265
13890,8464,594,14740,22874,18016,15330,15724,11500,21292,12397,17774,439,22008,15356,14269
707,4485,8390,1420,22613,479,14116,1511,21944,19515
23680,3395,12559,4503,9689,20635,4894,14686,23844,22188,2160,22454,694,4415
5512,5908,6100,23067,16290,17830,11944,13999,7032,10553,13180
3264,4291,12677,2723,9580,20849,24949,6455,18620
20416,20613,22986,10058,8333,6862,7246,2133,1370,6943,8352,16487,7336,17963,21809,5682,16117,5239,5175,19707
@dps-end:
@rep:21
@time:42.249
@trys:4041400
@seed:78220001
@dps-begin:
13834,12942,3094,23963,11561,24810,21995,24047,23743
9542,15240,12617,18313,21136,16593,22615,24280,22747,3423,17376,10920,5108,21625,12156,16639,22655,11007
17478,3855,24720,15967,3941,23400,15978,16043,6643,15734,4220,22271
7746,7236,5830,5260,12877,10126,2321,12372,2774,10072,7000,15707,21596,11164,8223,14883,19303,21159,14058,4718,21550,6001,3771,251
6209,4099,23751,17673,1548,4174,13586,20629,13781,16343,22488,5658,7771,736,23456,3492,2153,6124,3824,17206,2810,17019,1469
16256,20869,8006,18184,13064,11784,9802,16268,18126,724,3352,2203,2268,15841,20963,20976,16497,16562,8949
13196,6861,2200,12377,17063,2411,13567
22531,19977,2891,2573,4511,20194,2725,7654,12265,22763,23982,12912,22007,10751
6977,24593,24280,9945,14937,8091,16284,23787,6892,20914,12797
16835,5509,14534,263,5005,5526,14297,10908,14111,22376,21805
@dps-end:
@rep:22
@time:42.625
@trys:4041400
@seed:74585729
@dps-begin:
14410,5203,12893,3618,6058,21684,23930,2042,15867
14278,22929,4631,18462,23020,13173,21557
7490,67,1672,2200,9320,17003,2296
14423,21470,19240,24940,12026
6606,17247,3364,9508,23338,14379,4526,3247,9652,10549,118,20665,24447
13827,1742,22287,17118,10411,13998,880,22324,15670
12174,1042,7385,4701,24939,22067,15925,6205
515,13961,713,18125,11870,3188,9143,19832,15288,8191
24642,21893,10574,4368,3159,5918,9766,8040,5547,25004,21997,19758,17070,17522,2614,18681,699,15741
6919,19732,2197,2200,24667,13789,13024,14818,14564,15718,3889,6579,14580,11323
@dps-end:
@rep:23
@time:42.253
@trys:4041400
@seed:73852469
@dps-begin:
19401,24224,12832,3620,3050,11436
22978,25030,7499,13218,25133,4221,22975
22540,13452,10126,16782,22101,7446,18518,12193,17955,20602,23612,7996
5509,25222,6026,17230,18513,6944,14820
387,263,21654,10461,10014,20643,5157,8937,24176,12343,19768,1144,16570,8634,17215
4096,20035,11596,22990,24472,1819,1630,3295,1634,23147,14829,2990,1269,21630
24516,18886,14216,23240,19592,21651,8660,7446,8984,8859,5470,5604,17317,22055,18158,10098,24630,20093
24131,133,10248,14921,17356,9549,23053,8909,7826,6358,23894,2218,15733,11766,22520
10501,8026,15660,3566,11950,12657,4211,4345
4164,17613,16717,19024,12944,18258,19411,403,8344,8153,4385,14625,6115,9701,7729,3574,187,23037
@dps-end:
@rep:24
@time:42.234
@trys:4041400
@seed:68750849
@dps-begin:
5315,6597,14100,20695,17439,1640
15872,7816,8604,24610,8175,2544,2353,319
6918,5009,1873,1938,8212,24665,4505,10651,20766,1393,14962,24501,9013,7351,9853
15106,23112,8978,15388,478,10853,2157,11322
15105,8003,646,4296,7887,14226,19164,5982,480,15270,15080,12655,4469,19254,6777,1533,18301,190,15934,18559
25024,7303,5705,15242,4303,11344,16669,10461,17373,20766,19941,17002,2419,22836,19577,17466,13563,6268,21437,24639
22999,5406,10474,17391,10672,11001,11066,7612
1088,16194,22146,21827,9925,3273,11343,6809,20569,15642,1180,15708,19809,1508,12836,19110,3495,15720,20266,24492,2157,20590,11827
10829,23310,10390,23194,13724,622,2099
22978,14531,9991,72,15881,3411,3867,17833,9449,7659,8505,11387,10747
@dps-end:
@rep:25
@time:42.384
@trys:4041400
@seed:58160551
@dps-begin:
3724,22032,13724,9955,12216,10618
2184,13649,16659,5802,6957,14834
3531,18956,18456,16986,15642,11553,1316
4224,6671,4946,7253,10524,24171
7821,91,2160
2371,19204,6602,18833,11985,14673,7831,1623,1178,5675,15469,4400,18034,15475,24757,21558,8443,7229
20673,12483,9411,21324,21266,20181,13976,5791,12206,21616,8049,8499,14007,2811
16324,9733,13577,13067,23441,15894,17497,13018,796,1321,3311,19121,16497,20914,18486
2688,9217,1222,8457,21002,24019,24341,4438,12249,3741,169,21676,7084,18413,5359,22643,5043,1716,4597
5568,6216,15822,13267,2262,3870,8416,1637,15206,9453,5166,22898,24883,20661,15481,11965
@dps-end:
@rep:26
@time:42.132
@trys:4041400
@seed:45320477
@dps-begin:
8577,10766,19608,21085,11879
17040,16210,8751,4599,11704
22991,20312,17311,6560,24800,16041,374,6141
25098,21395,9814,15839,299,21810,21693
896,3202,21843,14939,14436,8237,19955,19701,21431,15934,17151
12803,12933,22087,4359,17301,8219,5533,22559,1835,11376,13616,12529,7732,13495,18682
22976,7361,18691,24964,4552,9032,21006,10195,7389,16163,19941,20843,19889,24052,14773,14910,19711
22028,17933,20687,15954,24211,12819,3289,17052,12765,22878,6177,6566,1065,22763,18990,14383,23035
2,20099,1476,10897,12563,24724,10520,21536,15716,3942,22510,22063,16562,17399,23483
128,16085,14556,1053,20452,1325,13683,23924
@dps-end:
@rep:27
@time:42.744
@trys:4041400
@seed:31913771
@dps-begin:
13249,16403,15257,5850,11738,13409
22350,15531,21693
24513,15940,10398,4578
12744,16972,20689,17692,20709,9447,2157,7599,7861,5366,2487,19512,16314,574
17610,19407,7259,18789,8614,13351,10344,9135,16047,8818,14008
320,14274,20560,8146,24470,17690,12065,17061,3365,15463,23207,24876,24812,5359,21425,13106,8882,9524,7797,11702
10433,13127,18312,8073,3216,17745,3923,3415,3944,169,21162,13817,16570,5311
19072,963,15495,17863,8007,7241,144,10708,19028,7704,5341,16357,1191,12264,20586,19372,24108,8304,5233,8254
25218,4936,9235,987,1574,7336,8424,23666,21109,20917,3707,16829
14343,23332,15654,24936,18473,12528,4528,3389,6334
@dps-end:
@rep:28
@time:42.659
@trys:4041400
@seed:24096223
@dps-begin:
12131,16743,12969,9456,5179
24576,22214,4367,18643,7510,17253,9767,24746,1262,1014,22711,8760
25160,22154,18829,8464,23896,984,24219,2785,18465,3496,19691,1643
18953,11856,8158,1890,10925,6319,25071,6139
11586,20045,912,9695,22820,12325,7466,18603,18797,13883,18108
19971,15556,20038,22151,5836,14864,23889,3551,14179,20515,9572,6181,17513,15980,20271,2546,20407,1720,17145,22010,19772,6270
7881,16012,14671,23696,18960,15249,13402,20011,18033,10163,10490,4795,24508
14210,2242,20361,18125,5651,23955,2967,6104,15131,14556,1829,18149,1900,2094,21426,566,5559,14460
12,13005,14289,1688,7263,24288,865,13798,18218,22763,1262,10807,1852
13120,12807,15690,9172,7896,3801,15833,1755,23389,22820,552,13812,3385,5177,13114,23356,9406
@dps-end:
@rep:29
@time:42.176
@trys:4041400
@seed:16980937
@dps-begin:
19073,13379,11908,12501,24280,23704,19682,19558
14021,15146,9841,17972,5303,7868
24704,13120,12297,11083,6477,24016,23825,22613,1237,11162,18722,2414,15922,4723,21438
20430,17111,20063,2157,5360
17358,297,24626,3251,11959,25082
454,11911,16909,14416,19988,24036,15015,4775,1450,20204,557,24433,22321,9203,17336,8443
1091,22403,19909,21382,21451,22925,7958,17945,11554,5859,12261,21235,20916,9268,826
5827,15876,13444,13002,15054,11471,22738,4885,285,3874,12198,14438,3114,22381,309,15288,5882
25093,18120,651,1102,22617,15387,4897,15969,16418,15528,7080,12138,20460,23791,19378,14969,8890
2048,18179,15432,7497,13834,11361,5925,13998,15349,6009
@dps-end:
@rep:30
@time:42.686
@trys:4041400
@seed:8261369
@dps-begin:
17676,18191,21152,20833,5162,7662,17597
19083,157,20640,5293,9197,9711,17722,23103
8457,24528,5604,21098
645,25163,3406,8721,15315,15641,2213,23145,15852
7691,8013,14100,13974,11741,10462,2018,9449,5482,20527,17715,16501,23423
14853,2693,21766,8842,18250,2508,18719,11620,21354
10818,19976,21128,1033,3736,22428,6879,3109,20263,5992,10171,2815
21888,16449,5762,2438,1414,1734,14671,21010,21159,7340,9261,4845,3376,17264,7602,1846,19702,8759,8892,9342,11647
3074,391,3466,8267,15504,15892,8982,11799,3611,28,17693,3101,14177,19430,1968,5105,2549,19702,19386
8320,17987,4940,6736,10129,24349,2399,4385,10405,13925,17204,3638
@dps-end:
