@rep:1
@time:75.136
@trys:441400
@seed:179424673
@dps-begin:
38384,14372,98955,10363
69025,6544,39638,20184
32066,48155,69663,70174
77363,105668,42407,79816,27226
27716,45478,92470,61704,85468
7188,93684,39862,39270,106684,605
73728,67155,10019,75484,44493,58510
61586,47573,34871
31107,77065
20208,101537,77031
@dps-end:
@rep:2
@time:71.29
@trys:441400
@seed:125164703
@dps-begin:
11186,35202,8406,40731
34037,16949,65789,32605
77431,101414,100712,65736,81019
33860,69175,48717
61953,76997,16999,25001
93079,102282,29998
26706,72538
39718,26712,25919
19856,17286,52009
73432,63082,4191
@dps-end:
@rep:3
@time:70.635
@trys:441400
@seed:132011827
@dps-begin:
29187,2347,11116,80895
108596,69748,95913,47724
82448,38788,59391
77808,89029,61127,32108
66068,27813,31095,10697,72155
41313,51267,4312,70587,30652
60659,54419,59716,9464,67368
101812,9272,28680,47564
90496,67840,43417,2553,98446,35711
72496,45301,37880,20041,82586,61199
@dps-end:
@rep:4
@time:71.183
@trys:441400
@seed:124987441
@dps-begin:
39831,69723,12331,94991,59790
36706,20740,56996,56570,26749,47486
60720,40016,24993,77747,59427
106512,35907,62902,60522,86091
86194,16584,47514,73469,56910
9297,42002,75881,75086
62576,73942,9179,8140,23516
84563,86980,38264,86125
72081,31639,26478
23435,105967
@dps-end:
@rep:5
@time:71.07
@trys:441400
@seed:123979721
@dps-begin:
108627,96901,61514,8619
79891,12996,33398,51675,96957
22768,11379,69241,89754
52387,37611,41822
74579,67282,75559,98843,87181
24721,107890,9268,46503,26633
28531,7587,55012,47230
97349,46358,78041,37337,66890
26929,81209,26911
34266,9418,72716
@dps-end:
@rep:6
@time:70.506
@trys:441400
@seed:119777719
@dps-begin:
23138,60343,31063,104328
18707,53964,31309,89023,82670
101585,106611,87107,3507,95647
108177,107858,38628,63158,19420
52695,56520,99689,63807
4340,38847
71568,44212,4923,16827,31900
3427,1652,64010,67390
85858,45863,29449,47934
90193,103701,3237,76346
@dps-end:
@rep:7
@time:70.887
@trys:441400
@seed:117705823
@dps-begin:
20275,98181,95256,20591
85112,24170,54621,62510
102432,11748,63380,41419,38206,60655
82161,49729,85890,11832,100457,35642
78819,64868,44983,26183,26431
41921,86058,91727,75406
92256,11875,23268,2838
71345,105829,36637
31588,97140,57286
1602,10807,97290,45439
@dps-end:
@rep:8
@time:71.913
@trys:441400
@seed:112131119
@dps-begin:
92438,20731,71178,98365
35349,38119,101110,25741,35741
68805,24613,73901
52660,95716,13303,68536,29452
80580,37912,105689,95995,52892
40034,102596,81624,67051,12606
31510,72839,85771,12507,82172
81239,16679,94150,96632,33723,59503
48816,90135,104678,18072,100058
88016,71640,101212,36879,37439
@dps-end:
@rep:9
@time:70.664
@trys:441400
@seed:108626351
@dps-begin:
42726,98710,70207
38151,31928,69243,46108
73232,40965,90795,90623
19254,108343,20553,63404,108495
45045,904,28649,41354,27706,42461
37731,80903,47895,29880,2426
8786,38516,19780,89228,15
12695,36473,101422,4399,10895
1569,4402,22340,41304,35644
105474,25859,71078,45529,8747
@dps-end:
@rep:10
@time:70.598
@trys:441400
@seed:107980007
@dps-begin:
44032,54023,40776,61903
57969,11382,80745,92622
11064,46361,40105,88685
100051,63044,105094,2327,63337,34282
2593,67682,76180,61183
19860,48134,61850,28781
26656,71552,37708
61137,84662,73308,98334,45471
76992,99083,105050,47756,13053
28065,47302,39415,49131,22763
@dps-end:
@rep:11
@time:71.276
@trys:441400
@seed:106368047
@dps-begin:
27621,84006,80712
73888,36087,76281,13563
76609,43857,12657,44774,101965
37024,40897,22625,8598,77005,813
27875,82485,90900,5240
46273,82627,1859,47174,14111
103764,30117,65814,70522,28958
106833,61828,2664
1347,77108,55862,90777,77514
35120,51525,44726,3001,52043,99372
@dps-end:
@rep:12
@time:71.113
@trys:441400
@seed:99187427
@dps-begin:
36967,54360,66815
80369,84339,14691,36862
59174,75079,20550,42808,62570,65263
18949,58279,48924,32013
91298,72066,14922,73052
81825,25673,27706,63963
55728,28817,8611,39800,52794
81522,38183,22888,43673
78361,55758,32063
52811,17723,13854,93726
@dps-end:
@rep:13
@time:70.644
@trys:441400
@seed:98976029
@dps-begin:
108033,64705,87814,4377,26414
14807,16763,12843,76142
107089,75744,67542,74552,9418,43663
15985,62599,103212,23055
69009,67266,108930,71418
8464,44849,82310,65192
38978,104852,90311,39126,66478
49349,459,54045
97607,135,90262,21369,68248,22143
38711,107675,21694
@dps-end:
@rep:14
@time:71.063
@trys:441400
@seed:97875523
@dps-begin:
42001,28817,80937,108313
46216,59064,89181,45838,18911
23895,88347,43931,37742
52416,17412,63099,51244
54848,7073,39955,65817,1069
2102,35177,53038,49839
82624,22284,19822
96194,44967,31528,100616,51514,79082
22352,66409,100637,37196
76933,36536,37645
@dps-end:
@rep:15
@time:71.317
@trys:441400
@seed:96763291
@dps-begin:
75457,96533,108020,7702,3935
55554,73379,75931,69498,63903
32210,81433,50184,64186,25454
85218,85334,59032,95064
62758,66189,50878
89218,56743,67099
37904,40902,42520
1536,70209,75506,106440,78586
6416,35762,41359,58143
62816,77315,31588,6549,64006,2838
@dps-end:
@rep:16
@time:70.935
@trys:441400
@seed:95808337
@dps-begin:
25395,89202,29524,48372,3672,105019
28964,20900,6585,12843,8382
94869,58247,72217
92688,30055
70785,71792,51207,74026,47437
78309,104406,90875,41598
66516,86571,34013,80447
71972,91369,70573
23330,83924,82615,1663
33168,37395,87877,69272,86367,64479
@dps-end:
@rep:17
@time:70.597
@trys:441400
@seed:94847387
@dps-begin:
95152,86471,99165,29935
108389,75412,14024,5083,89439
26373,26110
38774,61560,16012
97749,99174,9415,57977
43172,26134,20791,17175,93802
13525,71705,95034,31599
77257,36281,47898,40718
15476,78228,71773
62502,77065
@dps-end:
@rep:18
@time:71.52
@trys:441400
@seed:87552823
@dps-begin:
10659,80661,41257,78268
355,42852,46533,20171,3053
54322,90706,35491,54250,47518,77967
42576,2608,79815,29676
95105,14339,103751,98553,96105,99355,106589
59222,68681,31017,64316
88608,49693,76476,94735
71169,38339,95913,30809
26660,37450,33674,64810
4976,6545,56532,86857,79371
@dps-end:
@rep:19
@time:70.651
@trys:441400
@seed:86842271
@dps-begin:
2528,95091,21906,48036,9178
73143,26119,31575,61532,44318
8225,66963,34277,88676,29511,29117
20514,37687,74090,25163,94831
58387,29622,20423,79615
49241,54959,7119
58512,21205,56890,61661
1776,48018,80386,30614,101263
51525,95950
89410,49468
@dps-end:
@rep:20
@time:70.43
@trys:441400
@seed:80650457
@dps-begin:
27761,27251,65701,60534,37735,100840,65197
45081,33977
19809,16535,83337,24765,25614
91714,59446,25387,44044,63772,15310
55730,79987,26775,20670
99568,12291,19942,22791
41920,52737,95611,82397
4546,46390,91190,54781
20561,52041
26864,81778,95433,109064,56731
@dps-end:
@rep:21
@time:71.207
@trys:441400
@seed:78220001
@dps-begin:
73392,23140,108262,21321
58245,11894,54521,21162
68996,46839,48697,51097,71274
35105,87379,10403,62819,23229
36368,15585,93885,58319
10963,42499,63303,88140
69360,66711,52423,37195
65904,36293,94742,50907
90855,64587,20203
4784,69516,77487
@dps-end:
@rep:22
@time:71.275
@trys:441400
@seed:74585729
@dps-begin:
75717,68692,46268,50143
11044,43366,61083
370,89940,421,16893,107838
43251,84726,104748
45280,51974,61961,79162,63485
85050,89997,84988,18125,42543,23535
14050,22724,32246,19899,30655
64736,105777,5889,49605,58919
40763,8926,31534,43663
30627,15365,38102,1448,31066,26318
@dps-end:
@rep:23
@time:70.972
@trys:441400
@seed:73852469
@dps-begin:
48561,104950,79082,100444,95791
31476,81368,9867,21244
27363,63317,18967,57610
64168,36717
102592,8038,20601,34125
50272,20288,104562,15990,107917
55794,15011,48377,69227,23614
2838,50872,103209,44159
97282,56533,93464,64683
71219,2839,59453
@dps-end:
@rep:24
@time:70.522
@trys:441400
@seed:68750849
@dps-begin:
62448,7072,78725,58264,1071
57424,50642,4067,45305,19323
3008,57662,94046
22598,30906,71773,60446
87267,7380,23757
78849,81275,88077,61966
105201,78902,77181,106062
32710,62667,104620
85267,48162,9591,29850,74730
59986,105498,74605,85885
@dps-end:
@rep:25
@time:71.852
@trys:441400
@seed:58160551
@dps-begin:
28048,61888,109152,5023
74707,54824,32584,72489,13018
8001,98646,95531,44332,76047
104624,47378,79858,2108
28084,67749,2455,54616,65674
53682,10004,100085,82939
80001,33408,11975,91833,24636,83599
93874,53194,69756
101043,75709
17139,26405,49003,4941
@dps-end:
@rep:26
@time:70.681
@trys:441400
@seed:45320477
@dps-begin:
72224,69007,66206,72302
18419,25205,71623,35583
101377,96859,28539
103419,28347,57470
53220,36024,60762,90380
64400,97595,68702
25808,41037,45789,96510
26244,2196,6006,16119,35626,63039
68100,11558,25965
97346,82442,43407
@dps-end:
@rep:27
@time:70.88
@trys:441400
@seed:31913771
@dps-begin:
88944,92963,97107,79991,1399
59584,99092,106793,44891
61781,61111,103030,62199,100408
57648,403,23991,43993,5647
99201,56227,29863,45594
22579,88757,17269,42971,1947
5984,82436,45199
37333,98649,32249,69085,7852,64221,3485,10990
66853,16645,38759,64952,29112,97823
76192,58980
@dps-end:
@rep:28
@time:71.45
@trys:441400
@seed:24096223
@dps-begin:
39651,98407,48119,71773
23638,58967,106523,72619,85756
41060,15098,72698,3629,24605
78706,54229,83735,18238,18287
54865,19827,71493,48124,62031
88577,90739,99561,92490
106361,62635
46737,42807,39259,80605,102796
35697,51202,52198
48603,2541,100940
@dps-end:
@rep:29
@time:70.806
@trys:441400
@seed:16980937
@dps-begin:
51552,40628,89174,28781
101232,20882,2151,29241
45104,56146,65667,31893,26102,97885
26017,97427,106021,52116,104532
105537,13173,20869
68771,65324,3260
29781,44876,39821,9566
91729,86033,79123,65811,33160,68301
58978,105506,107527,26872,38607
91296,8773,87880,19358
@dps-end:
@rep:30
@time:70.274
@trys:441400
@seed:8261369
@dps-begin:
92185,11578,28892,101519,56143
105715,13698,76007,43903
7408,65366,45308,12365,87823
90754,48819,1333,78601,4972,59132
12485,48582,89831,90182,94220
45856,43094,48986,13547
76228,107620,84950,57165,19823
28481,36360,39321,51948,62798
71892,105944,5114,54635
22929,54626
@dps-end:
