@rep:1
@time:52.817
@trys:2061400
@seed:179424673
@dps-begin:
20784,24996,18951,19468
5056,22050,13591,12154
11681,20227,24949,18174
20705,13307,14831
13120,16933,6389,11671,23847
6233,15790,21231,1119
4305,12005,18617,13210
11362,723,11228,11628
9529,13402
10418,2902,18699,19518
@dps-end:
@rep:2
@time:52.882
@trys:2061400
@seed:125164703
@dps-begin:
18610,15990,5238
22260,9213,893
23105,9649,21528,13307
11905,12078,9502,3599
23842,12229,10043,8620
8658,12786,21240,20588
12097,1752,6889,23514
16705,21447,231,12265,21326
18820,24807,2632,24442
20261,4197,17464,12092
@dps-end:
@rep:3
@time:52.307
@trys:2061400
@seed:132011827
@dps-begin:
15473,562,11321,16254
19665,7976,7807
19171,6854,2233,1582,21215
7365,8072,3514,4365
20197,4296,22458,4637
14960,6920,17054,2831
14968,12378,18077,8559
10230,18182,1414,6189
11990,13933,23230,22079
13683,1928,23931,1437
@dps-end:
@rep:4
@time:52.87
@trys:2061400
@seed:124987441
@dps-begin:
21554,3427,4796
4002,13523,10828
20822,19899,8524
8961,1400,10744,20504
4679,21608,10267
3633,19607,9691,12047
11029,12488,16408,11528
11585,20163,539,2188
16673,13778,19603,18396
17841,15427,6744,10013
@dps-end:
@rep:5
@time:53.12
@trys:2061400
@seed:123979721
@dps-begin:
11410,1764,15575
8390,14217,13197
17088,12977,309,17097
23799,2744,11453
9442,23139,22364,18157
17656,604,670
24660,13781,21334,3678
13379,8649,8125,13918
18439,4298,19213,13599
17648,10033,20870,2604
@dps-end:
@rep:6
@time:52.767
@trys:2061400
@seed:119777719
@dps-begin:
1296,23664,9811,10104
23426,6886,15836,18383
15603,4247,20203,3515
4594,14339,8121
15232,1860,1451,5023
5654,18711,5097,16430
2752,3479,17323,22540
309,20167,12905,6570,19691
9973,935,9946
10801,20759,2777,4895
@dps-end:
@rep:7
@time:52.466
@trys:2061400
@seed:117705823
@dps-begin:
21528,6522,5755
15809,13939,2462
24880,4369,6425
256,18794,46,14927
20982,12246,21638,24135
11813,6645,23996,17039
932,24567,8300,24365
5972,18990,9806
11185,14052,10757,22303,5647
14864,23399,18185,14201,12589
@dps-end:
@rep:8
@time:52.489
@trys:2061400
@seed:112131119
@dps-begin:
1424,9818,23067,17759
22104,1642,4686
19619,1875,25087
849,9251,18758,14923
3812,5412,23304,22521
23525,22039,4841,15449,2938
5153,10661,7853,14958
21568,7178,23661
22180,14566,231,1497
24883,22756,24085,4063
@dps-end:
@rep:9
@time:52.816
@trys:2061400
@seed:108626351
@dps-begin:
21671,18664,8889,14687
2246,21239,15047,15640
22539,12654,15071
16673,5073,11062,5291,16683
20676,20229,2392,5977
20227,23386,18986,23164
20484,18684,17245,22159
22115,14804,7621,19098,21117
10640,8056,13672,201
7169,9238,13882,24127
@dps-end:
@rep:10
@time:53.109
@trys:2061400
@seed:107980007
@dps-begin:
18274,22275,14982
7576,21209,1884
10596,9654,11151
16449,5714,15090,10262
5204,22601,13402,4415
19365,12391,15259,22684
18273,2758,23260,21438
2296,12281,14858,10043
13685,18965,2711,1128,10989,7230
21761,9618,5459,14759,23709
@dps-end:
@rep:11
@time:53.591
@trys:2061400
@seed:106368047
@dps-begin:
17591,13448,13307
225,16947,22811,10781
21901,12894,10735
20227,231,14175
22368,21442,15268,23638
5271,23016,12616,7292
10257,7810,10970
4660,12485,18198,16907
12497,21761,23896,3977
23571,15035,6556,11308,20894
@dps-end:
@rep:12
@time:52.23
@trys:2061400
@seed:99187427
@dps-begin:
2356,12564,20597
21937,13538,8389
9155,15270,14935
13307,21083,17740
8901,18922,4061,9598
19603,20980,23195,9804,16796
16899,14211,23628,7391
6499,17885,14878
17636,5160,19295,10687
16577,20066,18644,8805
@dps-end:
@rep:13
@time:51.939
@trys:2061400
@seed:98976029
@dps-begin:
9129,17004,14156,7709
21843,278,1542
14081,17316,20072,3259
4049,13478,9575,22312
21634,18388,8118,8934
13558,2248,6474,22542
10065,21595,21517,9806
22048,20417,16742,3527
50,13222,12311,24345,17725
20161,15298,19115,24940,2910
@dps-end:
@rep:14
@time:52.153
@trys:2061400
@seed:97875523
@dps-begin:
11300,6831
1605,14586,1807
10801,22216,14952
22608,18066,11949,2831
11010,21458,10778,23658,12668
9602,2710,13402,21467
9649,23619,24027,25037
4416,22327,4600,10331,13564,1839
23108,5605,16357,1852
23667,14760,6124,23325
@dps-end:
@rep:15
@time:57.041
@trys:2061400
@seed:96763291
@dps-begin:
5525,14808,187
4672,14515,2236
19833,4029,1037,22159
21248,869,5145,7835
17952,25089,15957,13339
7606,12951,12296,9502
23082,8428,23519
2000,3511,21464
2322,16290,13251,1459
7169,13777,4218,15743
@dps-end:
@rep:16
@time:52.211
@trys:2061400
@seed:95808337
@dps-begin:
24773,3897,3817,19292
23975,1016,20122,13181,4079
23016,20939,11343
4545,13266,2342,5543,8121
13507,6647,7611,12589,11663
11700,21701,16697,12847
23061,18679,5933,7438
11233,21688,12184,15274,15343
6000,20169,4937
18274,14615,20651,3358
@dps-end:
@rep:17
@time:52.305
@trys:2061400
@seed:94847387
@dps-begin:
768,11794,15640
1075,4247,3629,4510
14678,7321,14751
132,21752,5564,6319
5189,7895,10843,1902
530,2968,5662
17698,8511,6447
3392,4290,4999,10202
14834,2277,19309,8335
7488,15362,25059,17829,21805
@dps-end:
@rep:18
@time:52.016
@trys:2061400
@seed:87552823
@dps-begin:
13402,24349,6510
8676,11687,2296
13937,20597,16088
20513,17588,15339,15228,19774
4147,21366,11671,25031
20049,3427,3268,18444
22048,23667,24317,17070
7155,6132,9446
5456,17176,24715
11777,16323,13797,5674
@dps-end:
@rep:19
@time:52.148
@trys:2061400
@seed:86842271
@dps-begin:
17625,14665,12204
2484,14220,18157
24085,22185,13402
14754,15848,5439
2177,20339,10009,24027
22246,21338,508,22287
2193,11687,17816
21313,10899,22887
1043,18915,13959,20136
24560,16690,1030,17227,2414
@dps-end:
@rep:20
@time:52.331
@trys:2061400
@seed:80650457
@dps-begin:
5056,8849,22468
16662,14603,8335
24851,13402,6922,24027
14289,10695,11371,6399
151,7447,2541
24296,8585,10781,191
16806,21420,6797
3283,7019,22526,191
12852,15685,8519,20460
948,22244,21577,14282
@dps-end:
@rep:21
@time:53.525
@trys:2061400
@seed:78220001
@dps-begin:
12661,23111,16220,2062
1208,14219,13213
12165,17625,22346
20114,22922,13132,20430
17558,24950,13644,16671
22292,20708,19333,24725
19233,25233,11685,18872
19522,14947,21427,12095
10608,1842,12607
14786,15031,7562,2045
@dps-end:
@rep:22
@time:52.214
@trys:2061400
@seed:74585729
@dps-begin:
19281,1506,13402
24199,16042,2159,21119
210,8920,1581,20317
7554,5876,2966,20747
12486,6086,10474,6940
13877,19462,1902,3823
9857,2498,18530,10277,25226
2112,24528,16365,13215
16290,23715,10451,9596
23218,16323,10885,4538,19643
@dps-end:
@rep:23
@time:52.463
@trys:2061400
@seed:73852469
@dps-begin:
9957,10395,13646
11522,22771,1459,24980,8744,22825
16449,13143,280,12494
6930,20597,20085,14503
23618,8851,3812,19960
5456,22323,7974,2889
6737,21154,23613
25089,8147,6406
13929,4108,19791,14975
18900,3942,9367,10170,20125
@dps-end:
@rep:24
@time:52.915
@trys:2061400
@seed:68750849
@dps-begin:
21350,23638,9277
16068,1478,4521,21004,15647
23719,12951,16793,24475
9988,14052,4296,24460
7219,7380,12381,2286
23984,14565,9993,9757
6515,13434,3404,22927
21523,2886,21224,16383
8160,16544,19809,21772
6785,8946,20486,8614
@dps-end:
@rep:25
@time:53.006
@trys:2061400
@seed:58160551
@dps-begin:
21859,5656,8957
19920,15430,651,10430
23895,5128,15944,23101
4274,15514,6522,9594
19075,19507,16117,21034
2579,14428,23420
19045,5862,4365,23181
12326,17622,8138,8159
20567,11194,24923,940
13634,14422,6792,5437
@dps-end:
@rep:26
@time:53.088
@trys:2061400
@seed:45320477
@dps-begin:
7457,19445,7327
17761,25157,3549
4419,21737,2489
19825,22945,19980
4065,17626,19035,17485
15250,24868,1511,10744
10417,19380,8084,19174,18776,21279
14818,2498,23218,20232,20730,16059
6754,23479,13900,22190
10400,2321,16041,14603
@dps-end:
@rep:27
@time:53.017
@trys:2061400
@seed:31913771
@dps-begin:
24601,9449,18157
10839,12218,23709
15344,569,12971,3887
309,10615,21000,19645
640,8756,14442
5360,9066,6767,3791
5024,10729,22079,10623
2867,8260,14396
9556,8421,13086
9252,12394,23738,1214
@dps-end:
@rep:28
@time:52.949
@trys:2061400
@seed:24096223
@dps-begin:
19828,16534,22589
7717,21084,10557,23807
23442,21752,11948
14144,20597,2600,11033
19536,12114,4708,405,18126
15458,2726,5128,11611
11922,20597,11609
11937,17179,5453,13533
11664,8081,2399
18141,20957,15518,24558
@dps-end:
@rep:29
@time:52.014
@trys:2061400
@seed:16980937
@dps-begin:
14885,13402,13050
20072,13402,2285
3427,11267,5128,16091,6831
16691,20075,6831
19363,6779,20047,7679
15367,6684,4029
24433,2404,15526,21000,3740
12883,7976,19502
22229,3077,23688,12813
12146,14791,11819,10670
@dps-end:
@rep:30
@time:51.929
@trys:2061400
@seed:8261369
@dps-begin:
14593,20597,23721,18553
13600,22336,15474,13402
7234,4612,6761
6785,5650,6367
11544,25192,11166
1076,20822,13720
7889,17057,1895,13674
6692,20151,18895
12417,13926,22039,14903
20951,9240,18524,8398
@dps-end:
