@rep:1
@time:37.189
@trys:4041400
@seed:179424673
@dps-begin:
2840,2648,3580
2628,5382,1125,4396,2674
4828,2025,4653,2674
1802,2388,1122,484,2340,2801,1267
1169,1561,5345
3014,391,2087,2801,4209
1739,4578,5226,2863,1273
289,2855,3239,2929,5565
2698,3856,5215,2915,3692,4471
704,2697,5069,4319,4260
@dps-end:
@rep:2
@time:36.663
@trys:4041400
@seed:125164703
@dps-begin:
68,5062,2677,1941,410
2245,3102,2855,1712
1445,806,3785,5739,2863
2688,4868,4625,2643,5805,2541
1988,843,2445,2665,2806
4992,3982,467,1321,4018,4726
3233,2666,2929,246,4698,3386,4668,2654
998,3718,3720,2796,753
1493,2525,31,1377,4911,2677
4254,2677,1913,1726
@dps-end:
@rep:3
@time:36.97
@trys:4041400
@seed:132011827
@dps-begin:
5345,4668
1316,5356,1709,3214,2863,5265,3449,5532
5345,3016,1884
2688,583,1829,5687,2620
66,2691,3625,178,4980
2178,1094,4510,2659,1127
2626,4308,5092,876,2233
2500,1751,2717,3491,5476
88,1842,4919
4105,5066,2859,4308,1496,1848,5661
@dps-end:
@rep:4
@time:36.948
@trys:4041400
@seed:124987441
@dps-begin:
771,2853,3898,5242
4841,301,2832,5555,2707,765,5630
2976,2338,5708,2673,5785,4189
448,5441,857,3097,1955,2811
5317,2831,1721,5758,3807
5359,3574,4506,4412,5342
4940,2864,5684,1972,4984
1602,201,2323,2849,1782,1721
2627,1753,2717,4782,3258,2238
2701,845,4884,365,1646,5433
@dps-end:
@rep:5
@time:36.57
@trys:4041400
@seed:123979721
@dps-begin:
2778,2586,2599,4345
4886,220,3627,119
3717,584,2673,4370,4730,316
5452,1002,2673,5556,2873,3706
2850,5732,1770,345,4857
2688,4202,1004,4750,2590,5471
2188,539,5345,4323,1213
4829,2082,995,4599,2875
1098,1738,5147,2028,2677,4157
2688,4675,1032,3602,2202,1078,3449
@dps-end:
@rep:6
@time:37.026
@trys:4041400
@seed:119777719
@dps-begin:
4571,2031,2674,5363,4916
3077,267,2850,2211,3305,5099
3534,1649,4759
5590,5463,2845,2850,1066,3505
5698,4997,4110,2837,1946,282,4571,1570,4458
773,4361,2831,5327,4133,2413
4992,4492,1423,4570,2019,488,2281,5181
4803,2408,4308,1333,3990,2454
2947,4037,2379,4493,4252,2677
2628,278,1175,2855,5163,5362
@dps-end:
@rep:7
@time:36.448
@trys:4041400
@seed:117705823
@dps-begin:
4053,2199,2783,2594,2863,1596
2709,2524
779,2832
5389,1623,5345,4965,2296
2573,1040,3953,2200,3896,2811
362,1902,2479,2291,2875
4900,2796,4786,4019,55,1783,1663
3776,1667,5539,2829,5133,2518,2139,3900,3869
773,405,988,4391,2863,2100
224,961,2383,3354,2875,3900
@dps-end:
@rep:8
@time:37.904
@trys:4041400
@seed:112131119
@dps-begin:
3234,3684,2811,2238
5642,4509,2847,2281
2688,4193,5642,5645,5718,5403,1787
3910,2377,1738,4575,2801
3426,1639,2697,500,1589,1020,1759
2635,2701,1301,5595,2927
1542,3339,1423,1450,3883,4282
3936,195,5259,176,2674
613,2890,3537,3187,1659,1564,2813
2697,2459,157,3305,5304,4349
@dps-end:
@rep:9
@time:36.214
@trys:4041400
@seed:108626351
@dps-begin:
4448,5633,2673,3932,5340
3744,161,1322,4210,2873
2850,233,1386,3982,2673,3798,1944,3420
2688,2883,7,2707,344,354,4089
4931,3045,4584,2831,1359,5111
642,5798,4625,3700,1276
3523,5513
2697,1993,4969
1538,1370,5532,2717,355
4868,2122,4683,82,1501,753,2674,2550
@dps-end:
@rep:10
@time:36.927
@trys:4041400
@seed:107980007
@dps-begin:
1700,5640,398,4338,2868,4153,1596
1250,3339,5328,245,2616,3103
3787,1695,5345,4073,4844,3262
1671,3601,5208,1626,615,2863
258,4711,2838,5500,1470
4941,1487,1313,1193,108
514,5250,2694,2824,4616,118
2863,5233
3021,2875,4351
320,3335,2709,1133,1272
@dps-end:
@rep:11
@time:36.665
@trys:4041400
@seed:106368047
@dps-begin:
5251,5640,2864,497,3134
3392,4810,4333,4336
841,3787,914,3746,4578
2674
4610,4036,5514,1325,4336,81,2837,1241,2523
2249,2380,974,2831,3282,4349
5383,4684,3600,2850,4969,4471,376,5690,5053,5375
3204,2761,5324,2829,1744,1758
549,4715,2801,3985,4534,4152
398,3666,3924,730,2091,2863,2489,2813
@dps-end:
@rep:12
@time:37.096
@trys:4041400
@seed:99187427
@dps-begin:
3267,7,1927,2837
838,4240,273,2257,2393
4498,3752,5744,2226,884
5385,1046,1691,3228
5257,979,681,1520,1394,1849
3843,2021,4328,2064,5179
4034,2345,4690
3589,3145,682,557,4850,2678
4235,2829,3165,1577,3507,5054,575
4745,2837,982,3607,4831,3617,5537,3555,4277,5496,3066
@dps-end:
@rep:13
@time:37.071
@trys:4041400
@seed:98976029
@dps-begin:
3654,843,1484,2863,2224,5561
3146,1189,2863,1072,3899,4220
2088,2697,2896,4404,4314,5179,5278
2698,5328,4573,2914
3989,2796,1274,5119
288,1991,4616,4401,2840
601,5473,2850,2982,4153
5568,4936,2864,4600,2557
291,2409,2677
1423,3162,1498,287,2727,4526,3710
@dps-end:
@rep:14
@time:36.514
@trys:4041400
@seed:97875523
@dps-begin:
5093,1384,2674,1629
139,724,1110,2789,680,4144,433
2691,843,5043,852,2068
3648,5448,4298,881,3891,2677,2873,1084,2140
259,1608,4818,2019,1387,3693,1333
2691,3396,2719,44,3703,4026
3845,715,5083,2717,1193,5289
3780,2717,995,4324,1599,1919
930,2691,5155,3172,262,5194,882,3507,4319
269,3534,170,4396,431,2875
@dps-end:
@rep:15
@time:36.733
@trys:4041400
@seed:96763291
@dps-begin:
3912,5327,4959,1513
2850,1578,753,824,5752
1282,2503,1417,1620
1324,2673,882,5627,1788,956
2688,1858,2579,4182,5790,5618
2977,2316,5261,3727,2673,2454,2680,1947
750,1971,4691,3988,2900,2840
3287,2018,1635,4327,2288
2817,1284,2832,3603
1281,2832,3730,2998,1467,5183
@dps-end:
@rep:16
@time:36.747
@trys:4041400
@seed:95808337
@dps-begin:
4243,669,5345
1237,5345,4398,375,1272
1730,3332,936,2674,4347,703
2697,4265,620,3443,5177
910,1428,1883,3810,2723
580,2572,2829,2781,761,3387
3044,1648,3379,2707,2811,5759
1925,198,2962,4247,1822,2855,5483
2240,3077,2697,1866,5389,1944,728,4904,304,5683,3702
2976,4680,5064,5512,3242,2829,5714,3547,4926
@dps-end:
@rep:17
@time:36.755
@trys:4041400
@seed:94847387
@dps-begin:
2691,2115,1435,3902
1799,2709,2864,2868,3835
392,2698,401,2536,5355
1295,4820,4312,2864,437
3686,907,2796,3506
4675,5063,2137,606,2850,682,811,4919
1349,1608,2697,650,5272,5218,3446,5178
3458,1419,270,1423,3425,4453,1513
2688,356,43,5517,3473,4051,1492,667,1181,798
1228,2831,2579,484,4464,1144,2235
@dps-end:
@rep:18
@time:36.75
@trys:4041400
@seed:87552823
@dps-begin:
202,362,3310,5749
3407,2840,1580,3894
3717,150,2718,2144,247
2796,1199,3440,2674,3701
1682,3356,2342,2406,2674
771,2867,3027,694,4893
672,2693,5139,756,3901
2801
387,406,1433,926,4704,2864
781,3853,5391,2075,3295,2796,5296,3122,1204,4917
@dps-end:
@rep:19
@time:36.87
@trys:4041400
@seed:86842271
@dps-begin:
2717,5093,4838
81,284,5345,2467,4415
5392,2709,151,5797,2421
1280,663,40,4074,2801
3906,451,5763,2840,3174,4967
5345,582,2759,3336,13,441,3519
1420,470,1495,4708,4457,3054
4740,39,5800,4282,1372,2813
2688
2312,2767,1554,482,3234,2855
@dps-end:
@rep:20
@time:37.418
@trys:4041400
@seed:80650457
@dps-begin:
3332,1436,2678
2756,5520,4576,228,2677
522,2673
3841,5705,3025,2473,874,2673
3471,2847,1510,2855,2413,2287,4151
3717,4517,2840,4156
1604,1740,5517,5710,1894,2673,3508
4162,2691,4105,1425,4250,3636
1096,5579,5589,1557,732,2855,3821,4215
2691,3139,3525,348,3102,3358,882
@dps-end:
@rep:21
@time:36.881
@trys:4041400
@seed:78220001
@dps-begin:
5345,835,1520,2864,1552
3002,2813,670
2688,4741,3667,2743,4217,4031
3616,167,2863,3451
2275,2801,3830,5147,2591
4288,2829,237,4814,2229,3126
3277,1245,2855,2543,4285
2573,1745,4882,5013,2863
3936,5351,3245,1839,4766
1988,1353,1620,229,2863,1854
@dps-end:
@rep:22
@time:37.146
@trys:4041400
@seed:74585729
@dps-begin:
518,916,1946,738,5416
2698,4818
1185,257,2027,2813
960,4432,4312,5025,2861
5454,2721,357,3691,2545
5513,1617,2863,4537,4220
928,2978,2691,3793,216,1467
2210,1132,3534,5647,1276,2717
3361,2892,5393,2875
2971,3437,2801,4595,1213
@dps-end:
@rep:23
@time:36.729
@trys:4041400
@seed:73852469
@dps-begin:
2840,2400
3488,2678
3783,2184,2832,1249,5545
3778,2710,2268,2042,5307,2687
2849,4836,1598
5700,5192,5786,1313,5795,3815,2348,4912,1651,2813
4036,741,4265,2698,2416
2371,4555,975,2718,5171,2813
2819,2698,526,2202,4274
3457,3653,2701,443,3869,607
@dps-end:
@rep:24
@time:36.972
@trys:4041400
@seed:68750849
@dps-begin:
5345,1519,3517
3072,2715,91,5215,4328
792,4716,2813
5376,4107,790,2980,2674,5438
5265,3094,2970,2863,2619
3230,1520
1122,387,548,3460,2837,693,1147,2045
2688,1314,2531,2477,655,3089,2867,3449,3197,2590
4932,3672,3289,867,1254,2216,3505,2678,4216,2680
320,1125,2438,3281,4434,2840
@dps-end:
@rep:25
@time:36.752
@trys:4041400
@seed:58160551
@dps-begin:
2855,5726
971,5682,631,2233,702
5641,658,1235,5653,5085,2143,2863
4422,3345,5342,3113,2674,2813,317
1478,520,1874,1110,4379,2849,5808
707,4493,4379,2843,3361,2471,2674,821,3900
4064,3307,3820,1933,3215,2130,1684,2840,2044,5437
4036,532,5157,4518,3816,2863,2543
2849,1314,5319,1643,3157,1301
4426,2709,26,5020,1440,2402,3303,2727,4146,4158
@dps-end:
@rep:26
@time:36.637
@trys:4041400
@seed:45320477
@dps-begin:
128,2840,4910,2103,1079
4615,2904,4668
3213,1423,2480,4474,443,4540
5099,3083,4654,2678,248
2180,1650,3250,1333
598,2455,3224,1628,2717,1209
3016,4768,5288,2801,4852
65,1601,4357,2831,787,3931,3940,1959,5173
3214,4174,2832,147,4695,3314
2664,1132,2092,2674,407,1688,3000,5086
@dps-end:
@rep:27
@time:36.963
@trys:4041400
@seed:31913771
@dps-begin:
5795,3144,2831,4049
2159,2837,1946,3163
4046,987,5342,4973
3080,2701,4691,1636,613,1196
513,5509,2855,5583,2864,2103
2092,2673
3680,1642,2678,4959
3339,3242,4337,2867,2035
4133,5800,2735,4083,2875,2813
3044,935,808,5803,1644,2873,1467
@dps-end:
@rep:28
@time:36.602
@trys:4041400
@seed:24096223
@dps-begin:
3138,2823,2394
2829,1463,4471
3328,3089,2864,882
70,401,5345,3752
2252,661,5676,2677,312
1802,2723,5479
4618,1805,3285,2969,2781,3752
2718,3105,3119,189
2346,300,4684,4401,2066,2873,156
2701,4954,110,3829,1271,4919
@dps-end:
@rep:29
@time:36.701
@trys:4041400
@seed:16980937
@dps-begin:
2693,329,5708,5468,1960,4073
210,4315,5485,316,703
5418,3698,4470,4445,2047
5382,4271,3984,2673,3953,5151
3780,2673,1176,2584,1562
2383,1755,5733,54
3487,4388,4843,626
2114,1745,2875,4604,1918
5251,4809,1296,2863,3831
4931,539,2855
@dps-end:
@rep:30
@time:36.879
@trys:4041400
@seed:8261369
@dps-begin:
2688,2706,45
5474,3939,4877,1457,5751
2177,5157,1679,2801,3889,1331,2262
5345,3752,457,4333,5133,3419
708,465,3413,2674,895
2633,1422,3352,5415,2029,2674
5504,3991,5798,2407,3881,2677
3843,4569,2010,859,2463,2796,5043
1029,2768,4756,2850,5538,3491,366,4152
3011,5577,529,657,1496,2678,1595
@dps-end:
