@rep:1
@time:90.762
@trys:4041400
@seed:179424673
@dps-begin:
27716,87173,41029,104852
55424,67661,60448,27055,35120,69367
24086,101206,3878,68084,72636,108159
63568,42962,33426,29549,81714,94008
77834,39759,59985,14364,38389,74879
1833,45484,48241,103413
29893,42523
76035,42244,91717,39051,41869,38548,67989,58028,48174,10354,21874
72648,60106,76749,103505,41620,1685,73556,72230,56240,62324,18037,77883,43391
18752,22082,90183,75625,38702,6254,63677,39229
@dps-end:
@rep:2
@time:90.915
@trys:4041400
@seed:125164703
@dps-begin:
100227,91782,80582,37285,81331,42291,63935
99738,84840,76463,52658,4729
49222,73765,23726,107892,103035
87114,64076,55247,107063,63288
91392,73250,50600,92593
37440,27266,26052,36677,51080,83340,61911,28952,21664,36066,98726,21416,86897,20467,86900,65981,43199
23813,7432,34831,25364,60884,73628,43934,74147,4323,102501,81128,47849,11497,49514,87850,41461,88504,27643
62086,40649,90253,62797,105426,42772,5910,95134,30945,18467,50280,23281,95869,106556
79296,87555,103430,3911,40203,79969,106337,105645,74423
87489,33153,8773,54167,77982,21088,49827,26474,5119
@dps-end:
@rep:3
@time:90.062
@trys:4041400
@seed:132011827
@dps-begin:
51737,44378,83305,73657
89747,86738,918,15831,102104,30184,45481,60651
25225,104588,95507,48059
23842,29412,97450,97851
66825,40031,85793,49641,32174,25268,69049
15768,16735,59045,42930,85042,78068,21815,40060,49532
4034,21573,18787,60069,94377,37226,74041
82566,56840,70859,25619,29396,95957
52547,1803,37324,33967,106101,91003,35964
41247,41575
@dps-end:
@rep:4
@time:91.468
@trys:4041400
@seed:124987441
@dps-begin:
76503,104299,29498,44539
22532,74948,67917,48149,3031,72790,7998
57665,93400,15071,83813,33325,69367,59071
33512,54588
22339,55303,22090,95630,49306,53596,16990,64800,84839,90990,37876,42807,13563
28611,28807,59917,72913,29912,101029,68838,73130,51631,100654,108988,102527
98437,96516,24587,109022,99567,29426,7990,81017,100600,33338,19707,24379
907,72848,51217,36759,26076,55264,25056,24249
30656,33091,41350,106382,24990,35754,72234,81585,84594,83832
94978,70469,40522,24783,27350,12123,13925,40808,16883,43700,83637,49593,50107,6267,22526
@dps-end:
@rep:5
@time:90.152
@trys:4041400
@seed:123979721
@dps-begin:
8517,31371,107283,49435,39265,18495
54401,62477,40732,22825,65335
88386,40709,89478,70481,88299,93048,9854,1535
76038,76872,11104,57959
100751,9619,34350,36466,43317,4663,26363,106940
64199,107736,70830
22412,14163,43745,96484,59754,2475,24943,78005
25870,18196,57558,12839,57209
33543,26634,53271,104097,60332,24051,46456
51204,57412,42574,109006,67857,88850,81050,78621,96860,41315,22894,9648,22960,75769,37759,97086
@dps-end:
@rep:6
@time:89.733
@trys:4041400
@seed:119777719
@dps-begin:
37898,8495,26482,85690
61772,73232,55697,24028,79520,20004,33334
92868,28102,79370,21004,13521,42962,20507,108573,54881,483,25831,35839
105989,31751,52433,45150,92128,78626,71271,10472,102058,27318,57080,2232,50619,67647
52061,44523,80303,97518,102576,84595,50802,42485,70142
51457,67650,39747,98323,64279,99230,72551,28007,69748,39484
10498,654,15951,61455,47377,106772,92052,21916,28,102364,70884,87080,65197,12345,107004
68744,75596,49998,107726,55697,6036,72795,75053,77679,13303
105924,17352,22155,37579,93775,74000,1948,22176,31151,82227,98174
57920,72395,79949,19916,58958,94998,102109,63777,24930,67880,54507,78135,91898,99327
@dps-end:
@rep:7
@time:90.728
@trys:4041400
@seed:117705823
@dps-begin:
71880,74186,11431,20735
99270,69918,68715,78074,60988
102469,25737,38034,66029,74799,29617
41857,67587,28312,55166
98689,49283,967,68947,33749,89149
26436,10768,106648,45914,80668,106741,47737
41408,22809
76038,714,46477,35475,47195,4769,28397,46447,20208,54586
48213,76953,49756,35868,36063,88119
41216,99333,12619,22486,42729,70443,71726,76272,87858,3187,29493,85942,247
@dps-end:
@rep:8
@time:90.209
@trys:4041400
@seed:112131119
@dps-begin:
28686,41441,41772,42668,45744,36408,44604
88005,64644,29893,92048,52500,97331
74433,98443,70491,100589,58103,95544
55883,105047,38041,108769,37618
70852,3092,98965,104278,59420,57891
99264,40005,36879,26192,29209,55001,40623,99697
12748,68442,73124,87846,96175,37168,29362,15221
80578,77835,62989,92812,78482,26836,14691,57702,14313,97708,46447,56563,106489,35901
43206,16331,70285,9423,100048,55891,91474,67794,16788,94425,103512,102043,21090,36964,103273,35757,32944,99765
72706,39045,3016,91091,71829,54560,51555,93162,6967
@dps-end:
@rep:9
@time:91.362
@trys:4041400
@seed:108626351
@dps-begin:
104852,27292,94768
82184,40343,99947,46126
30592,36051,25886,14175,66535,105327
49364,100500,87463,64559
59716,61640,74766,64339,58837,1752,33504,98340,74985,19949,88497,30449
76290,18958,58523,74655,17067,51502,76016
66206,77278,10729,81838,41458,23421,84670,13375
61632,94858,108749,51219,6050,84004,53925,1702,23018,80373,40763
77705,86860,74575,17550,18086,56040,93482,90606,41331,34484,90367,98686
43848,76555,95434,1931,41366,84583,29736,52780,19630
@dps-end:
@rep:10
@time:89.89
@trys:4041400
@seed:107980007
@dps-begin:
10824,33098,94666,31762,54073
39633,5281,36005,109095,22907
62272,21149,36015,96626
55301,70692,61991,37099,41712,107376,46398
18176,11983,96219,5986,6958,15411,21177
73925,64261,25038,8822,84217,21693
105733,100933,109068,39129,55590,98415,46008,78201
90250,31823,44369,20216,69246
1351,27960
79873,87363,62981,73028,73476,83532,99919,48974,80465,91411,50464,53984,87906,92837,32933,23020,18733,72304,21874,55219,80948,28347,66876
@dps-end:
@rep:11
@time:90.072
@trys:4041400
@seed:106368047
@dps-begin:
100166,72724,41060,25641,78385,96624
63746,90017,25187,632
43201,8716,62681,72608,57780,98878
25614,81821
79683,73880,34585,36393,38459,26110,99519,63551
64013,76463
36873,57679,10580,108318,108397,104182
2055,95116,99415,66526,58800,58292
54671,68497,82647,39971,17258,3949,3071
50441,77974,43227,39798,45950
@dps-end:
@rep:12
@time:91.022
@trys:4041400
@seed:99187427
@dps-begin:
104387,49481,29972,49564,32934,17768,47401,48617,67383
26693,63943,13704,9292,30682,65058,29219,70121,104171,30065,108467,16886
66709,32597,95259,2717,30177,20706,69619,78581,74750
3911,90642,24088,59622,76840,27383,34810,46331
37255,37585,73707
9221,61766,15559,39943,23180,13901,103695,71822,106455,42841,58792,37097,43439,77617,34680,104891,15870
11842,88839,19719,62353,97107,75602,79581,71012,101755
84035,67151,20367,65168,54675,80661,13179,36799
108609,77505,3207,21002,22032,99610,99165,92508,24990,64676,61669,19060,9141,107067
53575,46741,60950,91053,66669,44092,91391
@dps-end:
@rep:13
@time:90.521
@trys:4041400
@seed:98976029
@dps-begin:
73947,21727,31343,68791
99926,61438
79365,12358,71627,22474,17357,19600,41047,90006,52847,7283,26420
16259,17996,19223,58854,26226,54132,59383,31159,96632
56261,102480,53342,96479,3379,103733
20106,65315,61028,17583,53301
89566,18279,42230,61564
17408,83463,88406,10281,45042,14262
42886,99341,46288,20069,12647,26929,76402,25397,9725,60351
8448,97545,64009,3086,85969,42455,19287,27610,46508,98110
@dps-end:
@rep:14
@time:90.474
@trys:4041400
@seed:97875523
@dps-begin:
20615,55126,95011,87993,62011,84285,98943
34767,53969,17686,29465,87901,51122
21775,71006,102820,59239,19185,58228,61882
72369,108467,35762,103284,108792,74302
81025,45890,94921,41119,36325,86566,40936,57597
62407,102342,22472,96269,106397,90336,75556,17445,76004,12139,52981,33407,91838
44298,86867,109148,102556,95015,96614,12910,64112,67312,81651,17075,52218
108995,44676,35977,50326,89387,25069,90808,15868
50881,101760,6338,46917,75789,102995,76196,60456,74158,24051,68468,3320,57403
23947,71381,90715,104027,3165,55391,57577,71988,16629,39806,41598
@dps-end:
@rep:15
@time:91.225
@trys:4041400
@seed:96763291
@dps-begin:
17992,80075,98955,96152
80220,58720,3745,60578,930,13026,64254
84801,28892,53411,57462,4471,22332
61958,6986,43091,46703,17648,62642,22332
98689,21701,29988,18231,49851
27030,14429,76454,30056,103612
83846,69140,58263,20761,30055,39146,103917,13741,49838,31867,51197
20417,52293,45584,26840,3160,72344,85224,5801,92782,101043,98109,99837
105879,5399,1879,44826,35100,37027,77289,100719,65138,59570,93559,101948
75587,101635,60036,48657,38996,92053,45269,64087,64992,84643,68013
@dps-end:
@rep:16
@time:89.827
@trys:4041400
@seed:95808337
@dps-begin:
10564,45023,30314,93038,24240
13376,22535,68314,12643,23919,74931,19570,78258,22078
71171,38218,99937,3366,41012,68219,42492
30592,66240,51399,16787,30627,96446,55423
104512,20869,82122,15824,67616,24445,29119
46727,72229,54055
66307,45442,23813,6789,39305,40333,89557,81366,103382,18276,83173,8682,22831,101429,28858,93306
30274,7045,2566,25864,53704,42708,16151,24475,23459,81789,99198
9669,40654,22350,104465,9631,29988,33516,56754,36915,76217,36793
58499,7373,98517,6875,90012,7775,35679,23200,65831,62891,9913,50238
@dps-end:
@rep:17
@time:91.051
@trys:4041400
@seed:94847387
@dps-begin:
81731,42950,44954,97186,67302,48045,102322,15029
19334,24137,95505,66003,82994,47039
20818,27036,6948,8167,103999
56990,95407,45689
26697,53992,26609
16205,88079,70609,27219,107414,50199,49697,43627,99383,89406
58369,62791,42959,24210,11609,101023,52575,44199,73129,13034,27765,61047
45201,75924,99159,63065,64422,68522,34861,40060
77632,48351,55584,62627,100265,42226,26290,85305,37754,12543,49151
102531,45524,108265,91888,97595,80058,12668,75900
@dps-end:
@rep:18
@time:91.15
@trys:4041400
@seed:87552823
@dps-begin:
97942,68847,30207
65800,74314,78040,18267,36717,77427,58233,11391
29766,66251,64778,19341,99468,79992
78155,52253,98671
64833,92357,5770,54411,20812,97681,272,85595,46182,89777,28657,23798
18246,29000,18829,67404,37778,46420,76119,56663,58143,68574,24676,98852,96941,48172,103472,7475,6963,89845,33211
26752,103300,40396,73428,74528,82467,46057,21289,23274,70126,37807,25014,14902,1207,22141,88831
97920,18439,75145,54159,67985,98450,39068,58917,27434,6763,4399,19068
47488,89220,9221,76356,89869,79951,21151,11944,86519
645,36357,54345,68043,63247,82257,71696,88083,46110,103713,45090,8299,54716,5884,62782
@dps-end:
@rep:19
@time:90.193
@trys:4041400
@seed:86842271
@dps-begin:
50246,77005,19151,44752
43272,46093,106002,84244,74966,47270,104552,101164,58167,94780
3587,40462,9360,90902,105437,48096,43363,38376,95995
57556,10608,66679
18198,78310,40113,55026,68989,79485
67083,24147,18100
50754,108998,14284,71533,20729
36312,86446
72910,20690,76442
18054,51922,29911,23640,26971,81005,85104,22076,63932,85821
@dps-end:
@rep:20
@time:91.248
@trys:4041400
@seed:80650457
@dps-begin:
38993,73883,33447,74216
98839,32609,20391,47594,4602
90893,3092,23358
88137,38026,12045,22737,45523,16227,20709,31285
96833,40223,21423
79498,94774,7480,104251
91721,94226,95703,46102,47131,107749,52840,83754,56693,54389,19958,20408
9092,44806,36682,55439,55632,58515,68629,11101,44073,19817,53100,42872,100346
88972,79443,39127,10331
12865,101700,24335,25488,30228,31451,90782,67240,34103
@dps-end:
@rep:21
@time:90.253
@trys:4041400
@seed:78220001
@dps-begin:
31874,80453,79502,70425,24549,69735,58158,40689
82371,68493,26520,72938,2734,11506,51128,42237
86336,91146,47456,98032,45045,35193
88725,17884,53346,62178,76776,56874,91455
92865,57419,79267,24551,105451,76984
53125,83534,106192,86108,57593
83778,26829,39502,51860,85209,67739,78244
54861,96413,41507,33130
101184,3460,37532,25324
92806,95054,61264,16470,4376,22681,53401,52250,96282,46875,64293,77675,82412,108783,75967,67135
@dps-end:
@rep:22
@time:90.594
@trys:4041400
@seed:74585729
@dps-begin:
95134,59576
60116,70809,80539,90659,106469,45670,26158,99510
95424,70016,90052,40079,64666,7783,99326
46412,99542,14180,76200,57132,15101,57854
91605,25435
37515,29836,105170,6104,54712,31418
72704,56837,6546,58578,15261,105439,53474,88681,89521,24626,9528,13501
2242,51589,1161,78542,105051,72410,39661,56558,43439,43196,3965
66181,18565,56721,108821,28886,58717,48687,47545,92986
10432,45697,21381,97040,54486,30302,54687,99232,86317,53617,81402
@dps-end:
@rep:23
@time:90.448
@trys:4041400
@seed:73852469
@dps-begin:
35908,89223,80844,46031,87072,55976,42347,48177,8887
104704,20292,22037,62102,78502,11816,66672,43251,80820,100925
77389,100817,45715,57875,32190
32279,16741,28136,47468,48958
23371,94036
3379
20550,40456,79885,95003,54258,64948,14780
16964,97797,17354,98955,45963,86872,27165,42846,42533,9192,101934,28018,89906,68280,43321
43783,51015,103242,62749,62049,91501,50607,69171
63255,56024,19608,78940,29281,79200,49575,78074,11518
@dps-end:
@rep:24
@time:91.241
@trys:4041400
@seed:68750849
@dps-begin:
63109,42950,14616,63708
898,107478,24686,67571,13875
13058,3909,71753,37714,41619,14239,108527,3956,27383,31357,79548
40067,44617,41292,37086,73081,12793,107515
52098,80393,24595,79959,17114,18597,49525
36934,48136,55312,87633,65111,96678,56173,1069,58104
68672,91652,86348,42834,73108,17765,87529,106024,22394,66495
8334,98961,46995,11559,77867,59758,84081,99124,15869,97151,15167
14722,65993,25772,48949,75707,23162,64636,30015
98176,10184,25621,66205,70374,93224,81332,8632,29562
@dps-end:
@rep:25
@time:91.236
@trys:4041400
@seed:58160551
@dps-begin:
20208,16308,86392,70462
77005,100764,87017,15736,38015
78922,3379
79873,94531,78158,26196,47964,101,49576,106856,56425,10987
108323,104238,74741,88504,85951,1855
57621,42016,58279,43436,89144,54842
96467,24150,57816,109103,58352,52597
15315,45978,79975
19904,85632,22342,41868,67797,76245,55959,78168,15450,37086,108138,97772,9144
73671,37327,19665,26516,39959,69221,13425,61431,107323,65151
@dps-end:
@rep:26
@time:90.821
@trys:4041400
@seed:45320477
@dps-begin:
68889,23646,77170,14644,66937,54521
8512,23813,32331,92047,87017
6024,64073,85925,43238,102701,84397,7410,70323,76916
41094,24332,3362,29030,79210,29612,7410,83766
102288,39446,91483,41315,55398,74865
42884,69384,96077,7056,10069,33307,61033,77758
71818,14993,33496,62107,67172,108139,66803,71223,74171
38541,67349,50968,58459,55522,69478,88232
78658,58069,108118,63845,38054
88075,42190,27231
@dps-end:
@rep:27
@time:89.968
@trys:4041400
@seed:31913771
@dps-begin:
96966,44042,72332,45838,96910,56021,37419,39532,107323
84480,105091,86879,85918,48427,877,96253,57983
104008,64587,82893,64485,104690
60929,68434,90196,44949,11502,55154
76187,17126,72886
45140,10805
108032,45193,20302,68377,104673,77088,34530,8614,48873,108972,66808
84489,2893,15889,89819,2526,58407,85094,40424,94711,16250
76933,90186,107022,4880,106005,71190,107616,42659,57060,18920,71083,38769,5182
69377,59283,86502,69546,45042,88951,66682
@dps-end:
@rep:28
@time:91.63
@trys:4041400
@seed:24096223
@dps-begin:
75300,29545,54508,2543
63243,73166,13778,68791,46203,19644
41047,7130,6878,37817
96969,27417,3369,66744
12885,23328,55460,65653,9978,22076
89538,43844,29893,69074,76757,46809,9316,23271,48104,1454,41402
37129,54434
57159,20745,35602,20119,4184,103781,50020,96558,104245,53182
56520,105096,54809,22751,88623,12212,108283,44989
25864,4571,59683,24169,70067,697,103806
@dps-end:
@rep:29
@time:92.933
@trys:4041400
@seed:16980937
@dps-begin:
48347,45214,42347,57916
77889,109006,20304,93264,87187,88149,2590,101157,85862,103852
17025,43979,38993,107350,19544,7839,7206,69361,40631
33665,68744,75102,51693,76785
100810,22815,97897,63723
56003,78542,40998,31656,52526,44657,78461
48261,76935,85318,30477,60569,94874,108509,9833,80430,25272
56857,20214
97411,3399,27865,15340,87410,37365,88566,48376
65473,5315,36053,47832,91039,104997,47589,9126,108587,99245,100332,20412
@dps-end:
@rep:30
@time:89.8
@trys:4041400
@seed:8261369
@dps-begin:
63146,4532,72188
14557,77150,98915,26660
85070,35994,23964,61344,76272
73281,17355,31126,37726,10784,93162,38779,84413
48960,78787,49426,80082,66325,43741,36581,65766
32707,55317,46368,39141,66153
11202,62496,103723,86634,40060
55301,93316,55501,2702,7829,62037,8728,106712,29787,25312,22180,79465,63337,35892,16632,4157
57554,32345,39656,4715,74862,9586,109114
62151,22920,79496,41417,62539,18641,23893,108567,29719,87705,27482,75487,38239,23714,50473,5741,47157,54837,54073
@dps-end:
