@rep:1
@time:22.119
@trys:2061400
@seed:179424673
@dps-begin:
1397,5625,3291,4238
2600,332,2876
312,1337,3405,5550
4688,546,1304,523
3490,1368,1737,890
2017,82,3691,1307
3921,5731,1897,4089,4219
4961,1988,2806,3594
5072,5252,5510,904,843
3266,3460,3882,2219
@dps-end:
@rep:2
@time:21.784
@trys:2061400
@seed:125164703
@dps-begin:
3776,2673,2214
2677,584,4825
2673,5300,447
128,2864,5190,859
1448,4666,3339,1887
4468,2855,3464,1243
445,4141,3341
2579,3977,1435,5740
1520,5435,2829,2270
2531,5059,1540,580
@dps-end:
@rep:3
@time:21.657
@trys:2061400
@seed:132011827
@dps-begin:
2673,3464
5680,866,2685
2678,1080,5149
2853,37,3757,2207
976,2674,312,2911
1925,21,235,3917
1105,3879,1212,3054
3952,2673,2070
5526,2811,639
1960,968,1946,3084,3708
@dps-end:
@rep:4
@time:22.603
@trys:2061400
@seed:124987441
@dps-begin:
2288,4626,323,4647,2589
2673,1540,4459,3182
4512,5328,4343,1309,2831
1200,4489,5162,5066
4784,642,5283,5156,2058
4193,852,517,1483
4198,2694,4329,4863
2673,1362,5212,2095
2177,5426,3122,1254
4324,345,828,1164
@dps-end:
@rep:5
@time:21.633
@trys:2061400
@seed:123979721
@dps-begin:
401,2875,1387,2879
3240,2796,572,3487
2867,2744,3755,95
4071,2873,4126,3471,351
2864,5362,2778,2333
2081,1635,3576,3803,3775
5655,887,921,2682
3025,4748,2701,1934
5092,5605,4489,4105,5726
800,609,2166,1463
@dps-end:
@rep:6
@time:21.584
@trys:2061400
@seed:119777719
@dps-begin:
2774,1991,5774
2673,5605,4782
2805,2982,4471
5587,5430,2827
5328,3792,1051
4848,2999,5543,2189
5665,1397,54
2673,12,5309,991
4612,1108,5563,5757
3778,2037,1464,3180,5726
@dps-end:
@rep:7
@time:21.826
@trys:2061400
@seed:117705823
@dps-begin:
2673,4692,2884
996,4085,2876
5731,845,2893
2801,3429,2171
4777,1483,5435,5036
5316,5382,842,2811
2673,5617,2993,3125
3459,5269,886,5403
4800,2247,2811,5565
3764,5129,4541,2783
@dps-end:
@rep:8
@time:24.225
@trys:2061400
@seed:112131119
@dps-begin:
4386,4404,5304
360,780,3534,2319
1333,2742,1435,5596
324,3034,3290,1468,4270
2691,3126,5352,1294
193,3658,5691,3615
1809,52,2263,4265
999,1480,4233,1100
3202,6,2615,316
4914,5707,126,1615,3727
@dps-end:
@rep:9
@time:23.64
@trys:2061400
@seed:108626351
@dps-begin:
3460,296,1307
2677,5687,4573
5808,3152,2058,861
5523,757,1046,1898
2849,838,1052,79
497,1090,4131,1423
84,1349,1302,4215
3889,4214,1530,2796
5190,1751,5289,4650
2673,1832,4106,1435
@dps-end:
@rep:10
@time:22.277
@trys:2061400
@seed:107980007
@dps-begin:
2660,2214,1498
5769,2796,1311
2354,163,2694,2888
5649,3171,51,103
1859,2709,238
3,1385,3932,4366
981,4185,2057,414
5746,2756,2596,4702
2899,1445,1549,863
2305,435,4068,5589
@dps-end:
@rep:11
@time:22.436
@trys:2061400
@seed:106368047
@dps-begin:
2801,2300,2717
5376,1428,872
1624,2840,2717,2559
2688,4482,1300,1692
3331,1461,1423
3171,2116,5397,5151
356,1092,1414,2263,2348
5382,158,3071,4863
3490,2915,1339,3212,670
1600,467,5319,5609,5644
@dps-end:
@rep:12
@time:23.101
@trys:2061400
@seed:99187427
@dps-begin:
2224,2745,5274,4668
2624,2673,5592
341,4680,3787,1884
998,890,4635,5598
2820,5495,2233,4826
3698,572,2781,3327
2596,1093,2873,1981
2534,2744,4280,3583
4480,2899,1349,5006
3989,1749,2519,2701
@dps-end:
@rep:13
@time:21.873
@trys:2061400
@seed:98976029
@dps-begin:
288,3634,2677
4864,134,2409
4672,2850,1959,4381
2849,4643,1563,5501
4929,2789,2694,5613
393,3676,5565,2829
4594,1219,93
2883,3527,4952,4424
3734,2694,358,4781
806,3639,1144,5705,3547
@dps-end:
@rep:14
@time:22.445
@trys:2061400
@seed:97875523
@dps-begin:
2144,2678,7,4461
1200,880,2652
1346,2678,3388
4848,2677,1004
2868,4599,5630,3743
2709,24,4217,2907
4385,2162,3225
819,5443,3086,287
3137,3525,5046,2219
1122,5428,4575,159
@dps-end:
@rep:15
@time:22.25
@trys:2061400
@seed:96763291
@dps-begin:
832,2673,3873
2801,1857,1622
2053,3269,859,2287
2673,3303,4492,4846
2595,1910,1517,3565
3158,1946,1021
4388,1144,5785,3738
5168,2673,3817,3178
3975,5736,5418
2834,1302,440,5386
@dps-end:
@rep:16
@time:22.598
@trys:2061400
@seed:95808337
@dps-begin:
1526,4742,4810,2238
3187,3957,2351
2673,5112,3823
2673,2746,4603
5585,4677,1351
2673,1122,3781,2781
2849,2967,4119,3902
1318,2873,378,5674
3232,2849,4802,374
5347,5141,101,2965
@dps-end:
@rep:17
@time:22.382
@trys:2061400
@seed:94847387
@dps-begin:
4352,2840,4381,2095
3975,3879,3386,2894
2693,4473,4603,5131
5570,3689,1854
4560,3926,315
4082,5426,857,2845
2673,4186,3674,2958
3366,935,1230,2863
790,2829,3823
2246,1910,3994,5483
@dps-end:
@rep:18
@time:22.295
@trys:2061400
@seed:87552823
@dps-begin:
2864,2677,3305
2691,710,3353
2688,1412,5066,2875
2737,2300,2814
5669,4599,4683,3099
4160,3075,3861,2783
1318,316,4543
4498,1435,3773,4351
4963,2682,1770,1371
2688,3313,56,2174
@dps-end:
@rep:19
@time:22.422
@trys:2061400
@seed:86842271
@dps-begin:
5418,5259,2589
2913,2697,1643
2457,1708,4366
5568,1991,5291
3664,4051,5304,5646,2687
5648,2881,2390,972
4231,3319,1436,4380,2990
4664,2811,941,5422
720,4545,1480,3787
1425,2674,2473,3804
@dps-end:
@rep:20
@time:22.224
@trys:2061400
@seed:80650457
@dps-begin:
2673,5099,766
978,3637,3382,2794
2688,4245,5448
866,1274,3627,1981
3188,2936,2058,2845
2128,546,2147,3751,5688
4657,3624,1417,4877
3553,5284,2269,4879
2691,3863,5631
5060,5397,2070,3870
@dps-end:
@rep:21
@time:22.288
@trys:2061400
@seed:78220001
@dps-begin:
2756,2837,312
5345,4835,4588
2673,764,3388
21,1463,1209
4946,1542,953,2796
1319,2361,2698,4863
1472,773,4759,1304
275,4967,5336,5183
2674,5732,613,267
3888,2840,3788,941
@dps-end:
@rep:22
@time:23.02
@trys:2061400
@seed:74585729
@dps-begin:
4935,4712,890,5341
2659,3382,3368,4907
645,3669,1398,2312
4545,3944,4779,2783
112,261,4502,3405
5601,1769,4858,1023
2673,2233,3199
5714,5108,3868,2701
2448,866,2875,1995
1393,2245,5687,4729
@dps-end:
@rep:23
@time:27.187
@trys:2061400
@seed:73852469
@dps-begin:
3493,1224,2863
2081,680,2651,1454
3126,330,3803,2879
5088,2208,4136,1209,3966
5590,1463,555,4059
5043,1943,2489,1210,3787
1393,3991,3528,5386
2404,3323,2283,1727
3313,1988,1566,3358
2272,2673,391,287
@dps-end:
@rep:24
@time:25.144
@trys:2061400
@seed:68750849
@dps-begin:
352,3459,5032
2691,493,190
2052,2120,2863
5328,324,5012
2673,4615,4075,573
195,2532,4405,1705,4169
1330,1381,1432,5469
3218,4243,2774,4666
3926,2678,4088,5369,3070
320,1653,2231,2863
@dps-end:
@rep:25
@time:22.434
@trys:2061400
@seed:58160551
@dps-begin:
2785,2228,904,2831
4836,2827,4668
496,2979,4212,2037
4338,2857,58,429
4578,2179,1526,2808,5097
1333,24,4813,2495
114,3028,4069,2796
419,5316,2837,2733
3457,3681,2147,515,2680
5777,5282,2806,2345,1435
@dps-end:
@rep:26
@time:21.762
@trys:2061400
@seed:45320477
@dps-begin:
410,4861,2829,2143
5622,3895,2106,5471
1281,2674,2710,5741
2678,1783,767
4144,2678,1705,4666
2673,2249,1643,991
3445,4409,3787,2125
2922,1291,3389,2863
2660,2837,3325,3103
5459,3540,148,2091
@dps-end:
@rep:27
@time:21.902
@trys:2061400
@seed:31913771
@dps-begin:
5184,2678,1836,3902
4924,1132,4510
1322,4010,4301,2814
4675,4835,3637,4745
2674,1786,5066,1404
2688,3559,4200,4664
2883,1972,2007,2776,2990
3232,198,2359,2718
4082,4930,803,4972
2801,1209,747,1439
@dps-end:
@rep:28
@time:22.322
@trys:2061400
@seed:24096223
@dps-begin:
2876,1245,143
2694,3000,4746
5618,3413,2715,2316
2673,4434,3827,4684
2437,1289,2618
1699,4552,4940
3795,1325,399,4943
5042,3780,3957,4070,4762
3490,1510,2814,3103
2688,114,3267,1020
@dps-end:
@rep:29
@time:22.808
@trys:2061400
@seed:16980937
@dps-begin:
5168,2673,5668
2817,2933,696,1197
4417,3385,396
2673,4396,3373,3182
2596,1946,5550,2863
52,4142,2079,4863
2322,1428,5452,2796
3554,3395,312,2875
930,5461,4231,2367
4752,1841,4310,2863
@dps-end:
@rep:30
@time:21.557
@trys:2061400
@seed:8261369
@dps-begin:
2801,5459,1209,703
1574,2857,5309
1333,406,5143,4366
1490,2691,4788
4388,2250,5803,3757
433,2641,2853,1498
4131,1112,5117,2781
3365,5228,2701,334
2881,3139,1094,2393
4467,4611,5701,4888
@dps-end:
