@rep:1
@time:4.52
@trys:2061400
@seed:179424673
@dps-begin:
3542,556
1056,3341
497,3596
1249,301
1141,779
16,3882,2667
3946,3628
3618,2420,1717
755,2585
1927,3903
@dps-end:
@rep:2
@time:4.556
@trys:2061400
@seed:125164703
@dps-begin:
1249,962,1028
3542,3932
2082,1958
1510,984
2272,2844
3163,1022
1249,139
2690,2123
273,3357
2372,3935
@dps-end:
@rep:3
@time:4.245
@trys:2061400
@seed:132011827
@dps-begin:
3148,3341
452,1896,2157,1407
984,462
3541,1846,1851
1958,3133
2500,984
984,2138
2082,2539
3542,1688
1222,3163
@dps-end:
@rep:4
@time:5.034
@trys:2061400
@seed:124987441
@dps-begin:
2002,2743
2820,3452
2082,3373
2690,2515
3133,2493
3542,2281
1558,2649,2925
3984,532
1317,3096
571,3485
@dps-end:
@rep:5
@time:4.516
@trys:2061400
@seed:123979721
@dps-begin:
984,2378
1792,719
2082,606
3204,984
2002,3374,878
498,3133
2773,2207
1792,743,92
984,15
2820,3877,1831,285
@dps-end:
@rep:6
@time:4.229
@trys:2061400
@seed:119777719
@dps-begin:
1141,301
1927,935,1976
3542,873
2082,2650
3875,1141
976,1932
1141,2375
304,3163,2331
3020,1854
976,3249
@dps-end:
@rep:7
@time:4.348
@trys:2061400
@seed:117705823
@dps-begin:
1025,3481
1025,779
532,796
3766,3133
2773,3215
2668,3580
2133,3001
1956,2965
2082,2727,3341
721,2820
@dps-end:
@rep:8
@time:4.202
@trys:2061400
@seed:112131119
@dps-begin:
1792,3463
1056,540,1069
21,3541,822
1104,1249
2881,933,710,3802
356,935,3207,3295
935,3303,3341
133,1291
3827,301,622
2002,1171,191
@dps-end:
@rep:9
@time:4.13
@trys:2061400
@seed:108626351
@dps-begin:
2082,1882
1792,3722
1939,3341
2725,3542,1081
2420,2773
181,2649,2397
962,2123
73,3641,1962,3791,3295
884,984
2082,603,622
@dps-end:
@rep:10
@time:4.352
@trys:2061400
@seed:107980007
@dps-begin:
1792,328
2649,1322
608,984
1249,755
1253,571
3968,1227
1642,1518
1056,2069,1464
3542,1288
2002,2759
@dps-end:
@rep:11
@time:4.277
@trys:2061400
@seed:106368047
@dps-begin:
2082,1607
984,3978
1065,122,445
729,3561,2030
1699,3341
325,394,2653
1025,942
148,1623
1191,488
1122,1141,2844
@dps-end:
@rep:12
@time:4.58
@trys:2061400
@seed:99187427
@dps-begin:
1792,3491
759,2844
976,3268
984,2079
984,3262
2002,2714,1006
2133,3161
2082,2135
3926,3771
3525,3542,798
@dps-end:
@rep:13
@time:4.167
@trys:2061400
@seed:98976029
@dps-begin:
1025,1707
3538,796
1425,984
3618,2198,1674
21,581,3239
1109,3163
1792,306
1558,2428
1819,1277
2985,2972
@dps-end:
@rep:14
@time:4.312
@trys:2061400
@seed:97875523
@dps-begin:
424,984
3521,2070
3542,2493
2018,3596
1558,2844,1295
3092,3596
2883,3511,2714,1772
3156,2649,2525
1792,3888,301
1141,1319
@dps-end:
@rep:15
@time:4.35
@trys:2061400
@seed:96763291
@dps-begin:
560,984
1558,3241,92
1613,1871
1056,170,301
3698,1141,1114
672,2082
2432,1141
2082,1626
2836,984
984,3402
@dps-end:
@rep:16
@time:4.107
@trys:2061400
@seed:95808337
@dps-begin:
1025,3048
100,3733,3542,3514
984,2779
355,2826,1038
736,2676,21,92
1025,380,3182
1076,3542,61
2082,457
3163,927,1103
3937,1558
@dps-end:
@rep:17
@time:4.125
@trys:2061400
@seed:94847387
@dps-begin:
3542,3595
984,2494
2276,3542,3133
97,566
3456,1558,157
1619,3133
2707,2773
1792,1051
2679,2664,767
136,92,3357
@dps-end:
@rep:18
@time:4.146
@trys:2061400
@seed:87552823
@dps-begin:
976,2844
3618,3266,1432
1178,2907
122,3530
3827,550
2133,1208
48,2133,2668
3136,984,2650
2082,450
2868,2650
@dps-end:
@rep:19
@time:4.117
@trys:2061400
@seed:86842271
@dps-begin:
2898,1028,1227
1312,3541,984
161,984
1249,3678
2844,1548
1792,2333
1746,984
984,2173
192,373,169,3772
167,984
@dps-end:
@rep:20
@time:4.122
@trys:2061400
@seed:80650457
@dps-begin:
1025,1178
1025,3725
984,1935
3538,1990
1958,202
1243,540
405,3163,1197
1025,1147
1028,1849,1772
960,3163
@dps-end:
@rep:21
@time:4.081
@trys:2061400
@seed:78220001
@dps-begin:
3542,1927
984,3471
3341,3309
2082,2281
2774,1613
3296,878
887,1768,3854
1558,2349
3541,2988
3623,2219
@dps-end:
@rep:22
@time:4.112
@trys:2061400
@seed:74585729
@dps-begin:
984,2649
2849,984
1699,984
497,2530
2519,1096,3368,2525
3771,61,3357
3249,3163
515,397,1742
1990,3163
1056,3218,935,3351
@dps-end:
@rep:23
@time:4.187
@trys:2061400
@seed:73852469
@dps-begin:
3698,3542
2820,2743
1025,2829
1249,2590
1141,3227
3521,2579
1298,3538,3096
2133,3223
3968,2564
984,2815
@dps-end:
@rep:24
@time:4.177
@trys:2061400
@seed:68750849
@dps-begin:
2082,3491
984,1006
532,2312
3618,3099
16,43,157,719
3974,234
984,24
1025,2523
2997,2727,3341
581,3303,2649
@dps-end:
@rep:25
@time:4.104
@trys:2061400
@seed:58160551
@dps-begin:
729,2649
273,1932,285
1927,3946
192,984
2304,3984,2594
2844,3869
1557,2039,1006,3295
1249,2334,2655
2743,3530
2580,3163,959
@dps-end:
@rep:26
@time:4.151
@trys:2061400
@seed:45320477
@dps-begin:
165,3542
3670,472
3521,325
1610,2125
417,984
984,3641
497,211,2911
452,685,2477
3366,984
2082,3555
@dps-end:
@rep:27
@time:4.123
@trys:2061400
@seed:31913771
@dps-begin:
1056,984
3542,3974
2010,3133
2931,982,1161
2553,3163
2082,587
1249,2553
984,3533
1558,3950
3163,1213
@dps-end:
@rep:28
@time:4.136
@trys:2061400
@seed:24096223
@dps-begin:
64,984
1856,3542
984,606
933,3578,380
641,18,3542
3264,2133,2525,3854
1792,1350,3791
1605,1558
2241,3163
1158,984
@dps-end:
@rep:29
@time:4.143
@trys:2061400
@seed:16980937
@dps-begin:
984,398
984,3471
984,1197
3618,184
228,984
3542,3039
3092,3163
1792,2627,1161
1944,729,698
2721,2133
@dps-end:
@rep:30
@time:4.12
@trys:2061400
@seed:8261369
@dps-begin:
2082,2901
2133,488
1573,3542
984,216
1249,1464,367
2868,2844
1280,984
3010,933,2743
1394,3926
2987,3023
@dps-end:
