@rep:1
@time:16.794
@trys:441400
@seed:179424673
@dps-begin:
11290,9580,22127
14419,17859,5819
454,23689,4508
18240,6576,10979,18743
8929,9779,3925
1062,12102,13686,6349
12420,18439,15612,15774
20244,12219,21756,15791
15043,19654,12425,11725
19008,9217,6540
@dps-end:
@rep:2
@time:16.616
@trys:441400
@seed:125164703
@dps-begin:
24758,12557,21311
21827,16203,24091,8014
23909,5257,523,19597,23309
15970,7877,24232
16323,5356,9631
6049,4355,17420,20525
5588,15446,9258,8508
11109,1047,20767
2147,19093,22294,14575
936,9896,10235,2444
@dps-end:
@rep:3
@time:16.526
@trys:441400
@seed:132011827
@dps-begin:
3824,18465,7974
7877,21950,22799
16848,9733,12523
3953,7170,3062,10110
18410
17591,5597
20210,11477,23819,7006
22227,10860,20718
22242,14531,9237,16478
19548,19485,10527
@dps-end:
@rep:4
@time:16.601
@trys:441400
@seed:124987441
@dps-begin:
10985,11386,18415
17696,24243,24889
24801,6037,19319
12129,5365,17084
16272,12560,4581
721,9976
8172,1919,15823,16895
8848,13078,6190
7409,6659,13284,21711
18240,9011,15067,17215
@dps-end:
@rep:5
@time:16.678
@trys:441400
@seed:123979721
@dps-begin:
22976,21257,20397,23294
11601,23026,7242
5466,5916,6158
17056,9049
14180,11544,3962,3436
15136,15765,21371,20283
19187,16197,17932
8789,4950,22201
12722,22998,923
19809,24467,23389,3999
@dps-end:
@rep:6
@time:16.415
@trys:441400
@seed:119777719
@dps-begin:
19234,12551,9742
7620,19093,9676
19738,4523
17091,20837,21639,4683
8833,1180,22172,7935
3605,13414,18615,23674
14081,8646,2940
22115,10294,18076
23032,14716,23804,5791
19442,9188,1592,8841
@dps-end:
@rep:7
@time:16.618
@trys:441400
@seed:117705823
@dps-begin:
20567,11594,10252
23623,21960,8089,5724
6598,14904,13420,8815
4017,18882,1634,9049,14457
17552,11011,22824,22459
21697,13291,6125,2174
7481,15051,2143
5508,6440,20300
13936,17920,15972,7229
14580,7881
@dps-end:
@rep:8
@time:16.714
@trys:441400
@seed:112131119
@dps-begin:
18672,23545,16015
12336,1314,1884
7568,12550,17339,17135
16913,1560,205,6479
24819,18101,17575,6874
20917,712,14666,18012
21813,6846,24911,21455
11529,17566,14782,6815
20288,3252,19093
18482,940,8716,1805
@dps-end:
@rep:9
@time:16.579
@trys:441400
@seed:108626351
@dps-begin:
13874,12226,7583
4353,1668,19428,10025
9683,7242,8234,13067
11812,9096,17017,4447
22116,19992,202,16575
21089,17043,3525,25245
19648,3673,8190,13967
208,18260,15417,23946
22997,8071,1707,12796
2243,1592
@dps-end:
@rep:10
@time:16.555
@trys:441400
@seed:107980007
@dps-begin:
9049,16331,13964
15747,4613,24591
23431,5886
17425,18965,20219,5743
12400,16625,3769,10635
14611,14603,22908,8031
4531,12136,4409,3356
2772,17836,1277
13159,8761,16651,10350
11596,20317,14765,22270
@dps-end:
@rep:11
@time:16.56
@trys:441400
@seed:106368047
@dps-begin:
2592,12787,14971
24977,16245,12686
7379,22517,19370,18923
14160,11506
19928,2847,18959
5056,67,10180,17896
23777,9746,5172,13865
241,20898,20780,12639
19712,14475,24699,24510
18320,12437,955,11677
@dps-end:
@rep:12
@time:16.667
@trys:441400
@seed:99187427
@dps-begin:
13777,20279,21322
5429,21318,8523,14766
22115,13751,20058
11353,17996,3117
17380,22296,2106
15715,20745,9961,15468
672,23475,18168,13000,7977,24217
16214,13112,2248,3853
8086,4716,1581
10458,12412,16878
@dps-end:
@rep:13
@time:16.59
@trys:441400
@seed:98976029
@dps-begin:
13168,25153,116,6342
12627,12997,21336,11690
112,5354,1070,19535
13921,19590,18123,5983
12402,23718,18840,5967
2868,1605,18695,15881,24458
15489,22804,10779
16470,12854,3391
2289,13283,18980,12572
6449,7026,1251
@dps-end:
@rep:14
@time:16.597
@trys:441400
@seed:97875523
@dps-begin:
18952,6204
20392,1037,13135
5635,13733,14105
24691,15686,22519,491
2833,8644,11705,7342
22035,16440,12620,6190
16128,7684,10366
20549,15048,11192
24598,13770,22026
2060,16863,15535
@dps-end:
@rep:15
@time:16.547
@trys:441400
@seed:96763291
@dps-begin:
22934,14774,22680
5441,9115,991
24211,15110,9516,5644
17680,18740,22775,12287
20085,14412,8636
769,23176,9407
8631,9804,4398,6847
24864,19025,11162,20859,21035
10436,6693
5652,14744,4136
@dps-end:
@rep:16
@time:16.514
@trys:441400
@seed:95808337
@dps-begin:
19667,3062,21386,6219
131,2985,11833,18620
740,9407
6640,16133,8553,23725
6721,9345,17157,11679
5429,4582,19718,7919
5110,21772
9402,14156,2062
7234,14709,24027
9200,16118,12680,3293
@dps-end:
@rep:17
@time:16.634
@trys:441400
@seed:94847387
@dps-begin:
20208,4017,12181
3216,8761
7346,23426,11353
5234,356,6440
22803,18093,6989
12147,16694,10364
24240,23989,12110
23088,20674,18947,24423
1738,3483,14766
14736,6272,19716,2171
@dps-end:
@rep:18
@time:16.571
@trys:441400
@seed:87552823
@dps-begin:
4579,24972,19327
9792,20628,25124,22005
19600,5032,7131,7758
672,20403,2485,2415
6283,5775
12097,8516,1016,14187,20491
6980,458,24507,22541
6187,1292,8668,24510
25109,18662,4060,24495
16290,9699,21837,3118
@dps-end:
@rep:19
@time:16.712
@trys:441400
@seed:86842271
@dps-begin:
24217,15722,21420
8906,23598,16591
4403,3799,8617
672,7905,10292,10270
14361,17533,558,24959
19617,22930,18984
15269,618
20225,4903,19433,3069
11010,5603,13387,10909
1393,18818,25139,6825
@dps-end:
@rep:20
@time:16.756
@trys:441400
@seed:80650457
@dps-begin:
23233,23464,16361
18048,16040,21257,8507
12193,9338,20271
20626,16756,5766,6776
5911,9672,14334
12163,20148,10621,20607
19797,10645
2914,2444
8368,13843,25178,9149
24390,8375,21436
@dps-end:
@rep:21
@time:16.59
@trys:441400
@seed:78220001
@dps-begin:
2753,1875,10229,16858
1265,22305,10017,6940
15201,20705,10933
1464,22061
8313,4716
115,24740,7636,15224
1043,23397,4711,21817
6992,22260,1110,16905,21865
3900,15071
22468,23511,17208
@dps-end:
@rep:22
@time:16.557
@trys:441400
@seed:74585729
@dps-begin:
2566,8571,18715
22405,19576,6125,4094
6852,24789,2026
12660,23653,24011,17439
290,19885,20271
15203,24629,3162,13643
15073,16102,14696
3392,721,21916,1100
21560,15689,6092,24125
21152,6130,8075
@dps-end:
@rep:23
@time:16.607
@trys:441400
@seed:73852469
@dps-begin:
14481,12740,9031,22856
22321,6411
887,14696,11448,23675
1734,4734,20606
17905,14169,237
7877,4984,20072,17784
9649,19063,2525
15603,24827
12630,11387,4125
23219,9642
@dps-end:
@rep:24
@time:16.645
@trys:441400
@seed:68750849
@dps-begin:
14885,18270,3343
915,17704,19675
1108,23734,14550,9981
18065,18803,18341
18882,22997,19000
16292,20698,10621
5426,17268,7532
23088,14245,3771,8974
18851,21430
24036,6100,20774
@dps-end:
@rep:25
@time:16.66
@trys:441400
@seed:58160551
@dps-begin:
24179,2326,13325
13410,4084,25124
1875,2741,22314
6144,14433,5126,6618
24912,8803,5155,11305
9232,9904,25219,25194
3857,17602,19446
714,19661,7005,814
14870,5784,6906,3245
14866,6486,18025,1037
@dps-end:
@rep:26
@time:17.132
@trys:441400
@seed:45320477
@dps-begin:
9683,23701,2510
22624,7527,11290,11739
7920,15043,14535
277,15064,6010,2302
12162,10874,14940,10429
17895,4013,1791,17727
22433,11953,6236,8861
11971,15893,25115,6124
721,9849
1155,13721,5917,877
@dps-end:
@rep:27
@time:16.594
@trys:441400
@seed:31913771
@dps-begin:
17383,12920,4329,24124
21106,6675,5528,3422
9941,12150,11497
15844,13992,15801,4318
12833,12387,21092,407
12675,14229,14103,1801
4624,962,23384,23946
15488,21890,2490,12892
1189,24123
12040,23162,14907,14830
@dps-end:
@rep:28
@time:16.657
@trys:441400
@seed:24096223
@dps-begin:
2002,16405,14214
19176,8908,7791
17905,21800,12043
21862,11031,8712,10873,14878
6522,1213
14633,10730,15677,1567
24771,10937,8602,24190
2643,22692,8447
7794,12185,8539,21708,16973
23251,4280,234
@dps-end:
@rep:29
@time:16.524
@trys:441400
@seed:16980937
@dps-begin:
21912,22171,14508
2933,13771,19980
15872,3510,8471,6318
9559,23289,6361,7869
5539,22371,14485,14941
17477,15022,23470
930,5797,20423,22799
24600,1866,13484
14757,23445,21194,10910
20271
@dps-end:
@rep:30
@time:16.821
@trys:441400
@seed:8261369
@dps-begin:
8466,3588,16602,17932
5331,9352,9597,11918
5475,2725,3181,18111
24691,23509
16054,22861,10303
13968,7795,14348
21922,12660,12582,5223
999,4839,24681
9396,21882
21092,20311,2585
@dps-end:
