@rep:1
@time:38.59
@trys:4041400
@seed:179424673
@dps-begin:
1685,40,510
1635,40
1815,1636,1458,2293,2105
2113,451,2443,144,915
2369,1734,262,795,1630,542,993,2091,1134,1075,2362
1028,202,2579,2008,536,802
1347,519,1800,2593,1324,1716
1942,983,217,2333,2216
262,1305,1116,413,1508
782,527,2256,1888,2549,1975
@dps-end:
@rep:2
@time:38.622
@trys:4041400
@seed:125164703
@dps-begin:
1685,1320
1362,1715,2360,893
2374,1818,2527,993,751,1014,56,635
2243,1740,2782,868,549,1254
607,482,2667,821,2172,1023
782,2194,471,23,541,739,100,1449,754,630,1854
1299,2580,30,1441,1636,1003,619,1967,118,952,1272,2365
1218,2434,387,781,1297,2655,34,2083,1514,1268,1850
1028,1427,1366,294
25,484,2157,2290,180,758
@dps-end:
@rep:3
@time:39.253
@trys:4041400
@seed:132011827
@dps-begin:
2001,1944,1251
2816,342,2333
2177,207,341,1624,1307,1441,2658,1254,188,701
330,2256,1376
1028,137,2761,852
1674,593,1429,1254,1511,1897
660,2202,95,737,2083,1061,616,1706,427,1911
1026,2763,151,2662,2233,575
1284,352,482,2790,241,951,767
1735,2577,2611,2615
@dps-end:
@rep:4
@time:38.498
@trys:4041400
@seed:124987441
@dps-begin:
471,2711,473,1116,2358
1417,593,284,2219
1935,607,811
1106,1685,2797,1341
0,1028,1582
0,732,2022
390,2721,1573,1591,574
7,651,399,144,20,98,101,1066,45
1028,1483,1241,734,1391,2673
1986,2373,332,788,1428,1365,178,248
@dps-end:
@rep:5
@time:38.85
@trys:4041400
@seed:123979721
@dps-begin:
1024,1553,1829,811,311
897,1602,1365,2455,1251,1002
1028,390,83,362,2542,1392
2183,98,2092,753,118,952
908,2393,1646,437,1590,1911,2495
788,1944,2780,1710,504
1089,520,1807,2403,40,2479,52,2746
897,1347,1412,585,524,2673,2102
865,484,1319,2735,624,2290,2232,2424,1021,191
2824,1685,1183,296,492,1900,764
@dps-end:
@rep:6
@time:39.785
@trys:4041400
@seed:119777719
@dps-begin:
326,2762,1050,1505
1218,1573,446,638
1254
1233,17,2593,2735
390,336,2004,498,1077,2106
2698,465,1877,2147,40,1844,2420,510
2243,1283,468,342,1435,925,40,1770,562
681,2703,2352,2591
965,2693,2472,1449,1514,1710,1588,886,571
482,687,1204,1334
@dps-end:
@rep:7
@time:38.701
@trys:4041400
@seed:117705823
@dps-begin:
266,2472,1085
142,484
144,2489,700
1024,898,2644,988,560,118
2819,2381,206,2399,170,1911
1484,1819,1052,734,993,2404,681
386,260,851,2459,1254,2807
397,593,727,1120,54
1737,2185,2275,688
768,615,684,46,1455
@dps-end:
@rep:8
@time:38.957
@trys:4041400
@seed:112131119
@dps-begin:
1868,660,1759,811,365
2735
985,484,2741
1026,1320,1960
1923,2378,1938,1694,2087,1454,2036,1909,630
1153,1102,40,2101
2008,118
2063,1305,165,811,1585,2483
1156,806,2735,1906
2133,90,1842,2549
@dps-end:
@rep:9
@time:38.555
@trys:4041400
@seed:108626351
@dps-begin:
1665,129,1604,1039,471,350,635
2001,1505,1318,1641
732,296,1719,636
1093,1294,2723,1251,40
144,2515,1633,1511
644,1108,1629,2205,295,1909,1334,893,2047
2048,1025,2373,1972
1218,1028
158,2210,2025,52,1911,185
280,732,996,484,1962,1078,1977
@dps-end:
@rep:10
@time:38.642
@trys:4041400
@seed:107980007
@dps-begin:
1423,484
395,658,732,754
961,158,1522,2615
1028,1439,2468,2027,2609
2113,658,471,541,628
2758,2275
1103,1937,1875,853,1514,365,2229,56
1028,2444,2336,1273
968,1097,1499,2530,2727,1514,2099,1723
1347
@dps-end:
@rep:11
@time:38.655
@trys:4041400
@seed:106368047
@dps-begin:
1490,471,986
324,811
2,471,1565,1715
905,466,1254,1462
118
1347,580,2758,1544,2056,1623,2459,871,812,2092,52,757,1911,381
1472,1291,1230,2071,471,1113,1059,1254,1593
64,390,2651,611,1893,948,504,442,762,1659
960,390,340,947,1151
1036,204,788,21,1557,1818
@dps-end:
@rep:12
@time:38.395
@trys:4041400
@seed:99187427
@dps-begin:
2456,2776,886,1144
422,1453,1911
1514
8,394,2709,1505,2346
2123,1685,359,235,491,2355,696
1677,346,2527,928,1763,40
1798,2766,1999,2194,1685,2400,1448,177,1147
1856,274,1715,437,702
579,2762,1933,1040,208,1618,2770,535,2456,1690,1254,747,2613,2678,1976,1529,381
1099,1614,1315,1507,1830,811
@dps-end:
@rep:13
@time:38.713
@trys:4041400
@seed:98976029
@dps-begin:
1797,525
2048,1312,2801
1604,1230,2447,993,2658,438,1146
2056,337,471,1751,1690,2658,2083,2212,812,2482,1075,1658
835,945,506
2444,2572,593,2129,851,405,2549
1733,277,1568,2155,2548
1503,2467
2766,1623,1254
1025,2434,1419,916,471,2650
@dps-end:
@rep:14
@time:38.678
@trys:4041400
@seed:97875523
@dps-begin:
192,2506,993,698
518,271,40
1797,2582
1361,978,2714,1573,2599,2426,379
807,684
482,1768,111,2800,883,2362,1983
2240,278,2738
578,2325,2144,1505,2298
908,2252,2511,2263,2018,1514,1788
1665,336,17,1685,2668,2735,2161,1784
@dps-end:
@rep:15
@time:37.955
@trys:4041400
@seed:96763291
@dps-begin:
144,177
2126,1436,223,43
2383,144,2019,2212,744,2479,2481,1522
2434,1733,2183,2222,48,2672,248
598,684,1077,1464,60,2815
2437,1162,2580,2646,1439,2724,1576,43,2604,1197,633,1658,188
451,1028,1036,2203,802,2029
1228,1683,213,471,1177,1309,1315,682,2732,762,2171
1355,1306,1052,746,115,2615
65,452,527,144,2709,537,2586,284,1893,1958,2282,300,940,879,882,2549,1914
@dps-end:
@rep:16
@time:38.305
@trys:4041400
@seed:95808337
@dps-begin:
538,686,1585,1911
327,731,2212,811,562
390,1326,1785
1028
834,990,1248,1505,102,1130,943
1985,2502,1938,34,807,1576,630
2256,675,1451
390,1800
1731,1797,1865,1956,1573,811,116
1792,2117,392,1673,1847
@dps-end:
@rep:17
@time:38.185
@trys:4041400
@seed:94847387
@dps-begin:
482,761
1503,1967,560,2811
1299,984,2144,2406,2216,748,496
1028
1985,1816,2410,629,246
322,133,2255,2511,2386,482,2553,59
593,785,811,2477,370,1332,1144
1792,262,2570,2271,1514,185,1531
390,2329,2341,2216,2227
836,2631,722,1831,1063,2735
@dps-end:
@rep:18
@time:38.186
@trys:4041400
@seed:87552823
@dps-begin:
1544,2583,98
536,862,2219,2099
1859,2310,484,422,1263,501,1144
471
2255,1945,2333,421,2087,1396,2422
788,2238
2497,1604,455,13,144,1372,2527,166,2087,2409,1198,305,56,2622
1739,1556,800,2597,811
144,1824,1592,2362,1148,2045
1734,1514,1517
@dps-end:
@rep:19
@time:39.035
@trys:4041400
@seed:86842271
@dps-begin:
655,1683
2501,1999,2455,681,627,1914
732
2757,390,2316,846,591,2391,856,2718,1763,2487,1656
2052,292,681,1592
731,2077,1192,1839,2803
482
1924,902,671,2019,935,811,1969
1877,2718,2467,2212,943,1911,2299
2216,1775,687
@dps-end:
@rep:20
@time:38.447
@trys:4041400
@seed:80650457
@dps-begin:
1705,235,811
1896,811,2511,721,191
2259,615
9,2456,731,1120,231,1073,945,55
1409,2574,1809,2525,414,798,1505,355,1319,242,2047
1431,2137,1505,2040
1733,2763,1691,2684
1344,2262,2456,2024,2295,888
2129,930,2740
2177,1220,1669,390,1734,1166,2590,1123,1573,1703,491,1967,2232,1081
@dps-end:
@rep:21
@time:38.753
@trys:4041400
@seed:78220001
@dps-begin:
579,2329,811
732,1007
144,1011
1161,2006,1694
1028,1223,788,1435,225,1266,1079,379
788,895
2501,1481,2456,1533,1342
2178,516,213,1569,571
704,1177,1183,2019,1529,954,2109
2456
@dps-end:
@rep:22
@time:38.798
@trys:4041400
@seed:74585729
@dps-begin:
2629,2452,1517,2675
962,1254
1347,708,342
1254
2373,208,2264,798,2601,1073,628
1168,2770,213,157,1759,1379,2663,1384,1392
390
351,1911,2557
1411,1130,174,1911
1344,775,910,681,951
@dps-end:
@rep:23
@time:38.262
@trys:4041400
@seed:73852469
@dps-begin:
471,106,1277
1040,1369,2789,2735
1669,2256,83,360,496
323,2581,2333,364
2198,926,1391
1473,2440,1737,2763,2253,788,1883,479,2090
2362,1726
2451,106,684,44
336,666,1891,1573,888,956,1407
1222,2088,1837,562,1398,2617
@dps-end:
@rep:24
@time:38.542
@trys:4041400
@seed:68750849
@dps-begin:
972,1831,682,562
771,2644,1505
2063,1173,347,732,1692,2094
389,2702,339,1955,40
192,2569,1254,1514,1209,1340
2255,2449,1953,1076
1283,2451,993,1127,2729,1705
1856,390,1293,795,29,2081,2166
1091,390,72,968,2129,1431,2136,408,2656,993,1509,1071,2358
386,1032,910,2589,681,302,114
@dps-end:
@rep:25
@time:38.801
@trys:4041400
@seed:58160551
@dps-begin:
732,542
1028
1354,2078,2207,1887,2720,2529,681,1644,1073
2819,916,40
473,2081,1514
2752,392,1254,2665,1455
2504,823,1658,954,2490
2256
1922,66,1285,2256,1689,1818,2781,1192,816,180,1981
1685,1751,990,609,2345,1325,1327,1206,2748
@dps-end:
@rep:26
@time:38.615
@trys:4041400
@seed:45320477
@dps-begin:
2716,2653,2083,508
130,1347,788,2084
390,716,2124,2189,2779,40,1386,1130,1004,1652,1396,441,2495,191
1218,2190,229,2030,1139,1014,1911
915,1558,2222,1529
2624,131,2437,2320,594,2646,2456,283,2154,1258,2541,1911
256,2691,6,2333
2304,1411,1733,1483,724,2521,2110
839,1685,1495,1431,347,2335,952
713,2256,2521,2413,493,1658
@dps-end:
@rep:27
@time:38.516
@trys:4041400
@seed:31913771
@dps-begin:
682,1146
2310,1183,2723,1001
1028,585,2774,603,352,45
1282,2082,1521
1911
2630,144,2719,501
1549,471,2717,1453,439
788,682,2224
774,1100,335,1488,848,1369,1967,1009,1331,118,637
1733,2822,2503,1034,2389,486,1976
@dps-end:
@rep:28
@time:38.62
@trys:4041400
@seed:24096223
@dps-begin:
732
144,2264,2167,1149
1856,38,359,1705,2735
2756,1476,2183,458,732,353,994
2456,1240,1788
1613,1807,2448,1681,220,2333,2718,2207,1505,1128,178
2691,1028,1361,362,1837,817
198,278,791,1181,100,1396,116,1471
1026,200,2456,1192,682,2292,444,446
2369,1859,2124,2271,102,811,748,429,306,246,1531,1343
@dps-end:
@rep:29
@time:38.143
@trys:4041400
@seed:16980937
@dps-begin:
2113,1184,1505
1161,1036,1167,1428,1254,2343
2192,221,484,1706
2374,1802,1556,916,1514,1837,1137,2036,379
786,1175,885,1912
1681,1451,118,2102,2166,954
2249,471,1879,2455,24,792,2648,1562,182,2487
2241,261,1605,2458,615,2732,2362
1990,271,278,540,1645,2093
5,2447,2705,1821,2083,1254,235,1836,1646,2036
@dps-end:
@rep:30
@time:38.697
@trys:4041400
@seed:8261369
@dps-begin:
2437,1824,2471,1196
467,1622,610,684,300
400,169,2281,299,2735,2813,2239
2432,1026,492,62
706,1282,262,454,271,1254,1511,745,1067,1012,632,2172
1358,271,1297,2394,2268,805,684
321,471,858,2662,748,186
0,1167,1303,2724,2663,1141,2615,2751
1792,2191,786,293,684,895
788,2517,534,607,1634
@dps-end:
