@rep:1
@time:77.278
@trys:2061400
@seed:179424673
@dps-begin:
91729,18085,28653
2179,99317,71386,1343
81956,1270,28374,100134,41708
65104,15732,38054,26647
71123,39767,14185,45306,99535,41247
56130,63317,37496,57373,39005,49214
39008,62945,69353,62844
85793,67571,76311,31675,103036
29681,103872,59315,30441,70331
88723,26373,44729,86157,44861
@dps-end:
@rep:2
@time:76.944
@trys:2061400
@seed:125164703
@dps-begin:
38578,10500,83881,66013
14225,20195,85116,78364,55741
98531,27575,25756,27919
71328,26818,60261,45803,40190
79828,76167,24535,81033,39644
65138,21667,37109,92742,82732
22372,69175,54280,49433,107562,101263
86115,6860,55629,74815
21635,91682,27336,74653,29455
44628,55048,80282,27131,69340
@dps-end:
@rep:3
@time:78.416
@trys:2061400
@seed:132011827
@dps-begin:
37728,96356,36759,39416
83152,26596,57483,31358
73346,43909,56535,107103
89601,34481,4850,28521,31676
10176,32261,104939,11915
49315,75412,107175,60152
12704,30162,8292,45543,96506
59828,82629,29702,26566,57127,96856
67317,108916,90843,26477,93550
104481,84832,68755,74437,4853
@dps-end:
@rep:4
@time:77.886
@trys:2061400
@seed:124987441
@dps-begin:
107954,49829,25079,69192
33233,21970,30595,13614
14595,99829,15205,8806,1918
77890,76789,103433,66168,23067
83589,1573,21913,8969,102778
35136,82213,57436,17823
10888,73529,28220,56494,57870
30945,106802,43652,66283
79060,5669,58807,32040,8059,51885
14932,68872,2172,78702,27215,45407
@dps-end:
@rep:5
@time:77.642
@trys:2061400
@seed:123979721
@dps-begin:
38640,22791,80393,108811,90127
68785,72641,56469,57303,3629
33330,89993,94443,103710
45584,85473,31282,102701
58449,58052,22206,77695
70929,98416,31293,86574
75712,41892,97911,58823,70107
27364,21959,20744,23257,40254
29220,64456,78312,74300
67168,62743,21451,30909,70556
@dps-end:
@rep:6
@time:77.788
@trys:2061400
@seed:119777719
@dps-begin:
59729,98329,33627,29998
34034,104084,57159,29867
30992,25585,32938,43082,27215
61638,68104,45881,84938
72096,32930,3270,23558,24423,36327,53247
72672,75650,94936,41083,76991
67616,97171,52981,61740
20561,82728,27003,103082
25457,77588,54504,91133,23055
47248,97043,28450,26556,20862
@dps-end:
@rep:7
@time:78.137
@trys:2061400
@seed:117705823
@dps-begin:
89953,2402,24552,24875
34211,50115,22677,67450,57421
9185,3917,38158,61535,36431,76030
23202,107571,23092,44073
76816,29013,34603,89612,64094
68562,45544,72393,26267,49214
63936,61745,22151,3530,38189
52455,94217,11145,84957,82815
17524,94518,46908,52941
92427,17883,3803
@dps-end:
@rep:8
@time:77.986
@trys:2061400
@seed:112131119
@dps-begin:
36769,75346,30373,90968,3247
78977,76642,40677,30776,82154,38060
105584,26196,101156,83832,102063,95902
22432,96064,94292,88078
48273,64403,72580,41753,61551
67985,27555,55637,43415,72555
93491,89930,65293,25886
53346,70356,108775,11096,40057,46908
58548,31145,86876,81534
104036,44250,97114,47758,54575
@dps-end:
@rep:9
@time:78.241
@trys:2061400
@seed:108626351
@dps-begin:
72049,81331,17091,18506
75090,95221,36841,62011
94803,104355,63525,41982,89375
12580,20264,88538,59118,28751
57504,1014,46474,15340
100625,21252,66872,46126,40559
54586,15019,37516,19470,33167
31138,49058,91275,98364
84050,101910,34103,54008,48543
6770,54184,35725,98191
@dps-end:
@rep:10
@time:78.106
@trys:2061400
@seed:107980007
@dps-begin:
103009,6848,84917,52007
92066,73193,19241,60346,42541
28529,93267,28118,11431,60362
68578,107940,60645,65944,96760,42763,53486
23268,38165,26345,50427,51773,28381
30224,8385,85914,53308,68909
82689,100947,62323,56981,21589,22380
39010,21154,104307,89109,9005
56785,39539,15396,36556,91021
23121,88915,90468,98201,1785,69496
@dps-end:
@rep:11
@time:77.946
@trys:2061400
@seed:106368047
@dps-begin:
48400,71760,88948,72375,74838
56180,35099,27899,38028
15939,14789,93332,39772
54289,91811,66323,55655,33815,74761
69762,86596,100474,89373,88828
39521,108917,44726,11583
68448,20212,45653,103992,98671
96993,70785,98469,85661
33089,58515,89031,74135,46041,62921
80914,27413,35692,16654
@dps-end:
@rep:12
@time:77.716
@trys:2061400
@seed:99187427
@dps-begin:
4950,73783,76476
102387,102101,76030,106110
95504,31068,40173,31599,44559
58328,83769,11467,65930,63723
93379,108339,25413,23989,103564
61367,96845,104780,43503
69090,103602,105159,83254,97146,53163
74769,47458,15507,63925,49557,82663,5100
41776,21970,66937,86810
3700,60453,50619,5341,101868
@dps-end:
@rep:13
@time:78.611
@trys:2061400
@seed:98976029
@dps-begin:
74058,25084,25564,7020
49605,37477,69878,106747,77997
94544,91322,71805,78767,27183
29968,73844,75415,34199,18764
41667,24134,67528,80364
7171,39749,98503,60857,19547
64354,25428,78279,49882,77325
60528,43731,12451,38905,18315
77860,67814,93401,88252,35662
42657,11204,26084,19223,10041
@dps-end:
@rep:14
@time:77.518
@trys:2061400
@seed:97875523
@dps-begin:
58181,32954,56123,29135
7713,30458,75610,77197
19376,4835,92004,2190
53585,45685,75178,30894
7252,72775,59835,85981,63245
76161,81664,85458,27491,62168,13096,63039
44880,88944,85714,42972
71616,25153,92979,29365,98287,19151
96448,80944,94314,41645
68450,96660,89418,94924,1821,27231
@dps-end:
@rep:15
@time:77.719
@trys:2061400
@seed:96763291
@dps-begin:
73232,88308,52694,63261
18161,52086,20489,52636,72380
19108,28933,48935,10237,44926
22098,52710,26345,82826
101905,88544,17753,43418,69535
21936,46817,68571,59260,27677
39603,77997,47710,101502,22975
89777,102841,33275,76556,40063
24052,88007,71223,43704,48190
104145,97058,4491,8814,39150
@dps-end:
@rep:16
@time:78.615
@trys:2061400
@seed:95808337
@dps-begin:
106467,66807,85467,85853
15954,21981,97599,83326
39777,53794,71417,68574
68232,106171,15918,23119
3379,53433,63546,21711
22324,98631,45464,45611,102671
50673,96469,9060,3733,33129
43088,91444,64071,54439,32362,57742
4163,93430,67673,64763,39740
21922,83,77942,101370,32717,30655
@dps-end:
@rep:17
@time:78.085
@trys:2061400
@seed:94847387
@dps-begin:
107552,26017,56887,8956,90957
16464,11921,67811,73090,107780,60158
14656,44082,76991,74318
27345,54196,22953,31114,27277
82386,88406,72989,69551
47209,31114,16987,95933
73457,12709,92104,107115
41840,103445,53653,33774,80207
14401,49669,24359,81142,38012,62399
68003,10323,69845,43910,94126
@dps-end:
@rep:18
@time:77.41
@trys:2061400
@seed:87552823
@dps-begin:
77105,34145,52647,26474
45584,24097,80021,34516
74724,53448,68957
49809,48179,44665,88685
52674,76674,104918,27383,92046
60464,102563,102019,21221
77521,66453,56602,3371,81722
24608,69330,68244,12248,75102
8432,99395,56214,41047,104632
84885,69671,70616,108728,75982
@dps-end:
@rep:19
@time:78.514
@trys:2061400
@seed:86842271
@dps-begin:
42068,60967,58103,42618,109098
54965,48821,62357,38794,108988,66126
20825,44732,62350,22126
56625,30360,90315,5725
92688,93920,100103,30234
16081,84519,91782,35224,41519
28356,57317,91133,5917
52354,5779,41146,87500,27213
63985,90483,99175,1677,39279
89315,65124,43576,99880,25948
@dps-end:
@rep:20
@time:77.858
@trys:2061400
@seed:80650457
@dps-begin:
81106,46388,57636,2717,23631
7800,65049,55307,74815
20736,26338,89590,51277,30543,72990
43253,42694,8650,91164
25617,86258,56201,39115,20988
94098,80023,28601,33658,65259
1520,26096,89472,20919,99128,74748
21090,2242,16501,11336,16925
25808,68314,106650,84303
53984,44724,84340,37417,93304
@dps-end:
@rep:21
@time:77.263
@trys:2061400
@seed:78220001
@dps-begin:
20370,53383,43627,69407,47791
24832,77330,94994,91141,104260,10855
75681,88003,46418,49605,30184,102364
5894,3558,74235,4510
11472,30096,44810,48379
90704,78155,32043,28351,29487
56232,63545,95370,39963,38844,25932,7598
81633,50003,66724,15781,105468
8803,41270,68262,42202
63732,80612,106317,11871
@dps-end:
@rep:22
@time:78.147
@trys:2061400
@seed:74585729
@dps-begin:
21570,108710,1866,26139
33782,78810,90302
70195,105559,109078,66603,57307
76402,99972,20869,30038,3870
77189,76340,61413,75389
22609,74406,58679,69278,101166
76705,56961,29716,12790
31025,32690,104971,42781,87039
16352,13275,68508,63918
76960,71443,28611,23076,39687,70806,28811
@dps-end:
@rep:23
@time:77.835
@trys:2061400
@seed:73852469
@dps-begin:
42305,3332,84487,62489,35757
92005,41047,20328,100808
95488,11219,92261,68100,39612,26974
21868,36173,31294,42415
73713,98803,45957,102222
85425,81249,40693,90684
93520,23062,101943,39529
18116,23317,20408,62426,71722
104626,63429,61208,82508,48927
1513,82667,17325,52830
@dps-end:
@rep:24
@time:77.594
@trys:2061400
@seed:68750849
@dps-begin:
49104,44384,84917,191
47106,96836,54504,95563,49084
20136,29498,49708,56717
81201,91938,75575,72422,103722
3681,92560,57926,10633,54669
16225,36739,34262,65526,74077,20446
15316,23701,98503,41190
76433,8388,18452,26228,86511
67043,42838,80904,22123
69344,50814,68671,91294
@dps-end:
@rep:25
@time:78.299
@trys:2061400
@seed:58160551
@dps-begin:
105969,83264,87779,70802,67823
59568,47160,34219,36637,25103
1696,41729,81605,22616
78230,102105,97245,48780
24672,23731,66882,46088,92329,43850,49708
102888,85708,49759,100238
78738,37828,44040,51258,13483,43551
63603,54515,56756,105127,42919,61438
81553,75248,35299,34196,85015,62474
55154,15621,41880,46651,73550
@dps-end:
@rep:26
@time:77.805
@trys:2061400
@seed:45320477
@dps-begin:
9333,17593,97643,42541
106499,46980,22324,106872
27762,84550,29610,28251,5341
44129,22913,60662,45609
104134,61257,44651,6363,36812
46694,65191,22041,67259,68061,98510
74694,108118,43128,96680,79439
42592,39619,97988,14222
3299,75029,79877,37238,21597
23122,73858,53367,75386,104365
@dps-end:
@rep:27
@time:77.494
@trys:2061400
@seed:31913771
@dps-begin:
102891,74413,75165,82670
86385,44689,12626,27207,37290
45429,44923,34207
22695,66105,20858,52699,84511
20513,43301,90468,72795,43675,25995
85171,90535,2907,2365,35631
80865,31114,81343,207
34354,23431,67531,43981
41072,24512,59160,104447
38561,59738,41259,81023,70670,50527
@dps-end:
@rep:28
@time:77.941
@trys:2061400
@seed:24096223
@dps-begin:
6739,13802,79194,45853
32593,82260,73853,70221
91158,49305,3882,38302
31427,52867,67483,22463
29296,42611,2949,96072,11500
26305,16340,59195,43118,20878
45232,7031,55753,45325
20388,37732,132,72870,96249
96951,87721,36075,36699,83948,47949
73076,65414,70473,42781,64206
@dps-end:
@rep:29
@time:77.528
@trys:2061400
@seed:16980937
@dps-begin:
63472,61331,58335,43007
71634,26037,72950,65210
33124,36728,46297,70296,9338
58720,76818,57845,33637,39337
109010,2503,51049,35132,28590,39311
75547,23420,7965,24142,89758
25744,73432,22505,54682,48860,26175
83513,63565,15534,96158
36032,41042,29747,30979,72935
100436,83542,35465,28381,31727
@dps-end:
@rep:30
@time:77.365
@trys:2061400
@seed:8261369
@dps-begin:
102455,56524,97868,83342
3717,57419,36156,47823
52759,31401,87098,107103
25447,105496,11004,74940
26352,105584,68338,101319,84010
56417,71717,28808,7097,14589
92293,91030,57515,37086
66403,28393,108781,54972,100718
23224,99865,95979,62763,21630
37477,34168,86825,85736,104298
@dps-end:
