@rep:1
@time:105.541
@trys:4041400
@seed:179424673
@dps-begin:
19980,38067,26870,9815
455,9041,36178,35493,41715
36560,32146,25379,30202
33479,14949,33588,42365
24705,311,41401
15491,10657,6440,36600
9731,8008,10803,6069,1589
37664,36318
4675,33357,23768,8992,43894
25888,9569,5333,40917,37597
@dps-end:
@rep:2
@time:104.521
@trys:4041400
@seed:125164703
@dps-begin:
36551,23390,30496,26360
20002,21704,43914,4981
2757,10952,28833,9966
8066,14723,30854,2459,8741,7472
4981
40169,8205,19182,4622,41112
292,8363,18379,16749,39604,1749,12729
1,23246,5713,23651,34874
38085,9425,790,40087,10361
20608,6465,39315,31703,35684,36198,40559,17215
@dps-end:
@rep:3
@time:104.925
@trys:4041400
@seed:132011827
@dps-begin:
25741,10586,20829,3232,38504,3569
21964,8855,34271,11516
20234,13597,34917,25901
37248,11591,19294,934
11398,22087,40277,7448,43928,13529
29665,37729,18186,25962,41823
16682,3306,37429,30202
35023,7889,21950
16352,16782,36880,13618,40726,1592
2052,36201,27434,42611,13459,21460,38908,1021
@dps-end:
@rep:4
@time:104.879
@trys:4041400
@seed:124987441
@dps-begin:
24677,2475,13778,12319
32268,23760,43737,42719
40560,36689,26937,4890
16128,11274,12209,23507,9812
24034,11202,15822,23318
34082,9368,1882
29216,34656,1475,22892,10191,41682,39257
6979,37382,32715,41966,6674,39964,28732
11168,290,41670,11625,26539
16967,2216,42549,10295,14455,1182
@dps-end:
@rep:5
@time:106.192
@trys:4041400
@seed:123979721
@dps-begin:
18511,24241,21209
7174,34638,31833,12462
2707,41885,25374,7859,36734
22765,17775,10063,12889,2939
6979,12558,663,26522,21291,1324,44275
40073,34579,5021,42159
8914,35355
31687,36599,41245
2705,42361
7142
@dps-end:
@rep:6
@time:104.597
@trys:4041400
@seed:119777719
@dps-begin:
34280,13483,8300,21969,40223
37121,11091,44372,29657
30219,19372,22959,27358,16383
36835,14565,20019,38201,36030
8749,17902,5109
24259
25796,13710,18,39828,25766,35623,28969,8116,116
33825,1391,40464,12209,3826,23636,22363,4958,1567
11906,24206,34019,40552,25845,41983
23296,32065,778,2034,21811,18646,1115
@dps-end:
@rep:7
@time:105.282
@trys:4041400
@seed:117705823
@dps-begin:
43745,41900,34444,24378
41157,37930,8116
18185
26313,25681,21747,18454,22525
38546,14811,32308,18999
35246
7780,17902,29873,3255,18494
7616,4386,10341,42829,17775,16175,35102
26912,42446,10510,20861
15563,37590,27175,26100,18999,5879
@dps-end:
@rep:8
@time:104.381
@trys:4041400
@seed:112131119
@dps-begin:
20363,17291,40014,16879,39824
33570,9425
37801,18158,5210,3454
11720,22110,29043,30196,10685
31746,27283,11832
19841,9865,26061,38799,8625,532,23125
29952,41026,40652,22669,33070,6457
18070,18971,25772,30196
2240,6508,14449,23090,10387,14295,38936
26307,25418,4847,14396,9852
@dps-end:
@rep:9
@time:104.481
@trys:4041400
@seed:108626351
@dps-begin:
4786,40179,25336,39449
30729,43244,30479,15159
33157,13703,38444,24685,14904
36358,9300,32357,17391,4795
42587,8636,35005,2941,36895
35299,25033,40428,17245
14276,28396,40560,14389,19320,38492
36452,41798,5393,17367,27831,39929
31937,24677,41419,32981,11455
6498,13893,42446,41336
@dps-end:
@rep:10
@time:104.721
@trys:4041400
@seed:107980007
@dps-begin:
11301,15797,44317,12639
40614,17704,28009,17257,7854,28350
24901,29514,745,26863
2760,25673,40593,37219
2755,28870,5714,20626,20755,24623
19458,2439,41767,11817,16748,33721,37434
30852,38283,1303,1054,40039,32874,2675
2890,29260,4750,30196,9210
8330,39820,25420,16271,25489,24090,37346,25706,14071,28350
9032,25324,31886,11125,477
@dps-end:
@rep:11
@time:104.891
@trys:4041400
@seed:106368047
@dps-begin:
43237,32404,8507,42430
6658,8985,16575
7688,13401,20709,33780,13823
42401,36391,5929,36716,10605,26740
35596,13487,11351,38264
13140,2774,13150,19052,5627
38145,10049,10822,29545,15089,17013
24677,42342,43750,31145,16875
40357,9675,13644,15858,23862,18074,30778,35261,19967
12482,27085,41040,8499,15414
@dps-end:
@rep:12
@time:106.072
@trys:4041400
@seed:99187427
@dps-begin:
14252,11117,24891
16937,29434,40446
41574,22001,11929,8125
2465,1449
35023,27555
37386,31597,31503,2959,7027,13267
7172,18919,36520,12534,26938,9982
37121,13268,32874,6907,33471
26690,42446,17386,24813
31552,32449,15362,39449,9708,14195,34875
@dps-end:
@rep:13
@time:105.175
@trys:4041400
@seed:98976029
@dps-begin:
32931,561,5522,37461,33655
27853,41945,6811,37350,40039,5929,17902
29826,18951,1356,39346,568,35897
6022,15015,39888,14608,21918
41063,6475,18094,25403,22525
34977,26861,37045,895
24904,40560
36803,40878,25839,25727
34444,1699,19052,4079,12658,10553
26863,42000,22995,9756
@dps-end:
@rep:14
@time:104.604
@trys:4041400
@seed:97875523
@dps-begin:
34259,38178,34674,37497
24373,9085
4981,9343
8387,4201,29749,37468
26498,4647,7015,6229,38299
33517,18261
3754,38098,37687
39888,12945,41332,38775,38526
3018,22001,17971,40986,38078
39621,32336,4056,16472,30374
@dps-end:
@rep:15
@time:105.149
@trys:4041400
@seed:96763291
@dps-begin:
31874,6436,1139
6991,16352,36260,34367
34837,665,42430
40333,35174
11494,9136,1457,4895
2117,5746,33844,15512,35517
25319,21735,10445,5215,16927
18381,32142,9812,18971,1462
9670,13897,7145,19178,38863,9619,23161,25532
44000,30825,1356,24045,36243,11188
@dps-end:
@rep:16
@time:105.043
@trys:4041400
@seed:95808337
@dps-begin:
23118,16279,23143
481,9153,43530,7038
35808,17538,24295,28332,20287
13923,17448,19182,29748
41604,6665,29707,21648,36638,41205
7782,10215,35118,14642,21427,412
9536,33489,33566,38446,22074
32200,7887,4056,23005,37372
24966,11088,20060
22500,29382,14447,9748,17687,18556
@dps-end:
@rep:17
@time:104.522
@trys:4041400
@seed:94847387
@dps-begin:
36633,9566
9608,1316,43762,22198
19137,33570,37219,32469,43894,8858,22045
41194,29904,36566,28826,21054,17886
22248,28139,32659,28661,3127,27353
490,4010,1003,4014,949,12733
31049,43085,34831,36080
6290,35242,4464,32440,17337
7714,20138,41420,25326,28080,19731
12623,5590,5615,4981
@dps-end:
@rep:18
@time:106.077
@trys:4041400
@seed:87552823
@dps-begin:
32065,12615,41608,32843
33633,21319,19624,6909
44166,17775,33489,34359,2267,38398,20415
24519,7660,3758
21986,24739,32965,37993,28350
11168,32004,21103,2938
5633,19782,4679,4813,39063,24063
5640,21669,1901,32892,42365
41221,19080,17769,39760,20319
39304,4651,30030,22001,12690,35027
@dps-end:
@rep:19
@time:105.321
@trys:4041400
@seed:86842271
@dps-begin:
19233,23785,6735
21962,9995,12271,37906,8252
26379,2379,44269,27118,16689,32570,26558
24259
2705
8648,24035
9379,6214,32518,33256,23162
23118,26583,7346,24246,30007
7142,31082
31461,22663,2727,37288,1449,18456,41659,23421
@dps-end:
@rep:20
@time:104.993
@trys:4041400
@seed:80650457
@dps-begin:
33297,350
27648,4966,42855,464
7553,35460,17256,490
30022,18634,3794,30194
39746,39953,8273,35810,11946,32248
37121,13321,33018,27197,20446
6436,7307,43445,31925,88,11070
18786,35021,33651,16794,13789,29150
2182,37208,9762,39728,1584,25529
35623,41387,42102,18454,42680,1563
@dps-end:
@rep:21
@time:104.939
@trys:4041400
@seed:78220001
@dps-begin:
4096,10569,15642,37807
19650,26595,14052
39072,20390,27947,20340,12597
19010,41419
10247,42522,8372
24530,723,39449,43869,33758,5471,27263
5357,12558
6979,12451,2854,9351,1482,28748,41776,15095
32138,14938,552,22969,7034
4102,39405,28373,28666,4635,28221
@dps-end:
@rep:22
@time:105.395
@trys:4041400
@seed:74585729
@dps-begin:
8966,27637
17159,27085,35917,26130,3639,7546
9059,2053,12558,11888,3157
18966,2930,31862,4919,35197
5033,27242,40493,17687,3767
16352,13628
26915,24685,6900,30878
40295,7563,33835,21810,38748
5443,13451,34660,6457,5753,9211
2019,17095,25159,28620,7157,39351,10780,4958
@dps-end:
@rep:23
@time:105.619
@trys:4041400
@seed:73852469
@dps-begin:
4482,9874,38445,35629,9852
7458,16418,30501,30524
2760,34269
21315,43846,18183,6705,5113,39481,43737
11285,24362,5487,37555
36705,16690,23322,38751
33859,9225,42249,5134,2705,3111,19378
37859,16868,29044,18367,12703
21892,29768,7892,7083,29422
2178,25764,10445,42510
@dps-end:
@rep:24
@time:104.734
@trys:4041400
@seed:68750849
@dps-begin:
27488,16352,25252,19048,39304,1161
1729,31347,31636,3162,42430
16323,42116,32607,44388,40560,9018
37637,3877,5254,23157
23330,33578,33690,14143,22271,24575
16675,27053,7118,31503,4222
3651,22248,30761,24942,9425,2232,13049,28826
12418,37289,40842,38267
2566,8079,26589,16552,37104,34612
38631,40842,13177,1850,11294
@dps-end:
@rep:25
@time:104.298
@trys:4041400
@seed:58160551
@dps-begin:
20390
6805,35099,24891
35623,20776,29171,39767
27988,10264,40824,26430
10191,42705,6567,23399
41472,29667,28275,4340,40184
6325,33528
33411,7172,24623,35472,32080,16251,39870
13376,35267,12405,39063,17627
9825,38915,8937,18762,17164,215,14143
@dps-end:
@rep:26
@time:104.859
@trys:4041400
@seed:45320477
@dps-begin:
7621,30920,31461
40842,37618,115,35934
35023,22803,12186,32572
16833,18706,5050,16734
13376,23432,4337
16738,19496,2133,27932,21054
28870,15376,13872,5462,32957
835,29061,22408,4555,3437,42098,25331,19294
11040,4932,12307,39580,6911
6080,24845,41433,9503
@dps-end:
@rep:27
@time:104.683
@trys:4041400
@seed:31913771
@dps-begin:
24241,33874,24565,25723
42374,12715,16652,43667,14743,33271
37121,22861,35556,3495,3118
6402,8515,43974,35847,10921,8653
5314,32611,28776,1906,1140,43035
32065,39628,40846,29780
43520,6228,35749,26423,26879
16352,43494,39785,28978,24407
33856,30850,34659,17828,4464,43548,4573
38432,9762,18280,35212,44282
@dps-end:
@rep:28
@time:104.308
@trys:4041400
@seed:24096223
@dps-begin:
23753,29517
6979,3360,15203,28528,39993
24259,20035,1672,13897,1184,26414,10481
22274,6979,3497,17773,38384,35475
19845,35081,30479,35791
15812,8876,24909,18672,43160
4481,15300,15889,12243,25368
23221,23672,35512
24677,41016
24256,17281,43034,36139,26091,30194,24056,37499
@dps-end:
@rep:29
@time:105.306
@trys:4041400
@seed:16980937
@dps-begin:
10563,17367,29538,10350
37637,37450,30626,26814
34917
25252,40805,39985,9534
1863,43747,1449,38637,36144
6465,18891,36498,16283,22001
38912,5192,395,7757,24918,27749
8068,3694,38799,18460
20560,13908,12126,20408,12093
35211,3020,10166,41405
@dps-end:
@rep:30
@time:105.588
@trys:4041400
@seed:8261369
@dps-begin:
27085,42708,26261,32826
29123,1303,21477,819
36546,26638,21020,8990
3020,24126
25682,11542,610,14510,9085,21373
2645,1175
35334,40327,9996,21134
10343,20970,34218,35023,35287
15429,8040,8111,24726,37946
42753,14086,13647,31261,22431
@dps-end:
