@rep:1
@time:7.814
@trys:441400
@seed:179424673
@dps-begin:
482,2468,1924,72
1184,801,1630
1797,841,1085
129,2722,262,1751
2545,1254
144,1646
2562,707,2008,1320
644,1254,662
2768,952,553,542
1621,1561,1547,607
@dps-end:
@rep:2
@time:7.843
@trys:441400
@seed:125164703
@dps-begin:
744,2589,1439
2709,791,2087
1142,905,95
237,1694,1374
38,1526,1772,1613
2276,1797,2687
1105,312,1707
2010,891,1839
1522,117
2310,441,1978,1866,1914
@dps-end:
@rep:3
@time:7.685
@trys:441400
@seed:132011827
@dps-begin:
984,732,2029
1683,2214,2399
961,2564,1113
812,734,2735
2214,342,2298,1261
1347,259,373,214,2795
2083,777,1486
1627,1214
2820,2440
2144,2201,1291,332
@dps-end:
@rep:4
@time:7.706
@trys:441400
@seed:124987441
@dps-begin:
594,1540,1356
1728,952,191
1904,321,1826,1007
1841,770,72
1602,2067,167,457
1683,600,2284,399
1104,770,260,1627
1957,758,1931,1583,191
2198,1271,2008,1772
1494,2281,2635
@dps-end:
@rep:5
@time:7.696
@trys:441400
@seed:123979721
@dps-begin:
2644,2676
744,1196
1587,2675,495
2786,1573,597,1630,1807
2661,935,13
2656,913,370,2157
1251,2549,1435
902,1832,2553,1325
1361,819,2120
2288,484,1860,1177
@dps-end:
@rep:6
@time:7.715
@trys:441400
@seed:119777719
@dps-begin:
952,1547,1709
1361,2362,2030
2580,1307,846,1039
392,2622,1999
2148,1316,965,621
2481,2451,1877,853,1797,2094
2658,2038,2362,1183
352,1636,1643
1843,1017,1850,218,1692
2289,2066,1573,1967
@dps-end:
@rep:7
@time:7.631
@trys:441400
@seed:117705823
@dps-begin:
2289,1473,1514
293,1349,1386,475,716,2735
2673,484,838
581,471,1420,1471
1251,1443,2475,1275
1408,2644,342,2391
1877,1784,1320,537
819,484
84,2120,1916
801,1204,2661,13
@dps-end:
@rep:8
@time:7.699
@trys:441400
@seed:112131119
@dps-begin:
288,2785,1894,1911
2214,2443,2142
2007,732
2515,1061,2599,2428
1920,1458,390,891,1485
1458,2606
2497,2374,952,1449
384,1441,2141
2033,1473,982,1630,879
817,2150,729,1596,1406
@dps-end:
@rep:9
@time:7.633
@trys:441400
@seed:108626351
@dps-begin:
949,732
2722,86,1254
1893,951
1251,2439,312
1253,1133,1646
2737,1381,2327
2661,2741,1320,2638
2648,2349,2815
1826,491,479
2714,2735
@dps-end:
@rep:10
@time:7.645
@trys:441400
@seed:107980007
@dps-begin:
242,682
482,2163,1839
577,116,1439
866,1911,314
311,1165
1361,2451,262
1985,1361,2119,79
1344,885
1970,708,2393
278,1514,2303
@dps-end:
@rep:11
@time:7.696
@trys:441400
@seed:106368047
@dps-begin:
1616,1439
40,2443,1739
2304,2096,2822,2698
915,2597,1254,457
693,621,2735
531,1556,1802,2333
976,1521,1815
83,1514
1156,2230,2216
2482,2212,389,2459
@dps-end:
@rep:12
@time:7.673
@trys:441400
@seed:99187427
@dps-begin:
811,1452
471,647,1183
1445,488,908
2443,1948,2078
2208,1410,2642,682
1344,0,1587,1694
832,471,2014
211,1002,2780,1710
1254,696,2634
2675,724
@dps-end:
@rep:13
@time:7.551
@trys:441400
@seed:98976029
@dps-begin:
66,772
1521,471
2115,438,952
58,682,271
593,2763,2045
1911,586
597,299,1916
2391,218,2221,493
1154,1781,1238,893
2386,1301,118
@dps-end:
@rep:14
@time:7.74
@trys:441400
@seed:97875523
@dps-begin:
1972,1957,1821
433,2642,893
1443,1431,732,2349
2080,17
2070,2140,1709
1883,1630,1183
2400,1271,987
598,1511,1128
1091,1204,1975,2456
1063,2440,187
@dps-end:
@rep:15
@time:7.648
@trys:441400
@seed:96763291
@dps-begin:
1955,1320
981,278,332
2240,484,1768,1133
2656,2284,2748
1104,788,1540,76
1091,2646,238
2570,2109
2240,452
2230,332,732,191
737,898,2791,939,2572
@dps-end:
@rep:16
@time:7.6
@trys:441400
@seed:95808337
@dps-begin:
961,1315
1057,1906
2180,2805,2158
1344,1781
2101,2345
1988,1445,2312,2075,479
532,1911
1344,1266,2244,1972,329,815
1264,400,1573,251,1995,2748,1149
2770,1685,1672,188,462
@dps-end:
@rep:17
@time:7.585
@trys:441400
@seed:94847387
@dps-begin:
144,2371,1731,392
2673,1602,213
2384,2115,341
432,471,1277
2404,1494,123
738,1175
2048,1826,1955,1534
2472,1742
496,1153,2403,1997,2462
1445,1389
@dps-end:
@rep:18
@time:7.627
@trys:441400
@seed:87552823
@dps-begin:
482,1656,2456,335
2737,1458,7,1737,2541
976,821,1337,1212
772,2101,1066
851,517,1846
545,2210,1683,1439
2802,1961,2813,238
2320,2089,237,2655
2070,1338,2795
144,2580
@dps-end:
@rep:19
@time:7.57
@trys:441400
@seed:86842271
@dps-begin:
144,81,2764
1585,1188,681
83,1050,191
97,1543
1521,439
246,2345,1818
1457,684
2084,1095,188,1983
0,1253,1624,2511
2624,1995,93,1439
@dps-end:
@rep:20
@time:7.577
@trys:441400
@seed:80650457
@dps-begin:
1955,300
1522,76
1543,1085,1167
915,2109,782
2741,8,283
550,758,812
2738,1798,2040,1050
1251,1978,1167
732
2593,757,679,1389
@dps-end:
@rep:21
@time:7.695
@trys:441400
@seed:78220001
@dps-begin:
484,452,2412
913,322,2119
2120,1599
484,233
1906,1028,1322,318
1216,1505
146,2735
1344,1739,2302
1666,1698,52,300
807,1208,954,571
@dps-end:
@rep:22
@time:7.652
@trys:441400
@seed:74585729
@dps-begin:
2256,1791
2163,2472,732
1957,218,1742
2068,984,1839
261,2735
1347,1627
1329,1266,2115
1587,1212,1964
1961,1933,1742,2527,639
2020,567,1500,510
@dps-end:
@rep:23
@time:7.523
@trys:441400
@seed:73852469
@dps-begin:
2338,1347,56
449,2722,2437
2322,930,1256
2501,875,235
2119,1959
467,185,1325
801,372,1797,2549
161,1251,761,1437
241,2167,2124,45,79
1970,2281,2698,943
@dps-end:
@rep:24
@time:7.652
@trys:441400
@seed:68750849
@dps-begin:
891,2284,1439
208,1761,98,1778,1347
502,40,13
2256,906,827,1023
390,598,2776
1169,403,893
135,1816,123
2167,1815,185,2682,365
262,1033
832,899,851,518,2007,2445
@dps-end:
@rep:25
@time:7.703
@trys:441400
@seed:58160551
@dps-begin:
1731,1587,30
684,1149
2048,1287,1918
2326,185,2029
1280,2163,2040
2530,306,946,619,1503
1380,213,1514
732
17,278,2317,253,846
2693,1573,870
@dps-end:
@rep:26
@time:7.715
@trys:441400
@seed:45320477
@dps-begin:
642,1630,1102
771,1028,805
1524,582,329,1195
2597,989,893
2048,919,571,2011
1957,126,990
1059,1028,1688,844
1297,2727,2648
160,1372,2572,686
1028
@dps-end:
@rep:27
@time:7.47
@trys:441400
@seed:31913771
@dps-begin:
2615,1481,2222
352,1477,123
2675,537,842
97,2307
1028,2789,2362
1809,2124,1133
881,811,956
2768,2612,213
2498,741,839,425,2302
1344,2554,2205,349
@dps-end:
@rep:28
@time:7.513
@trys:441400
@seed:24096223
@dps-begin:
1494,1190,1372
811
2256,1685,1562
225,191
0,1709
144,1786,954
2151,2172,2397,79
305,2216,2377
1473,2214,2216,1327
2336,1505,770,1108
@dps-end:
@rep:29
@time:7.774
@trys:441400
@seed:16980937
@dps-begin:
612,233
1473,834
1985,1046,1503
1175,1483
594,2247,1272,1343
1878,1483,2222,238
1784,1052,191,63
513,1911,2539,1004
2426,1723
2259,486,1590,91,671
@dps-end:
@rep:30
@time:7.692
@trys:441400
@seed:8261369
@dps-begin:
1505,562,45
1521,1970
811
1320,233,2410
2545,811
1124,1478,952,2378
1028,1422
642,2693,1254,1277
2240,1002,732
609,1028,154,571,2157,461
@dps-end:
