@rep:1
@time:149.683
@trys:8738200
@seed:179424673
@dps-begin:
40220,46093,24802
40220,632,46093
40220,46093,22805
40220,46093,23257
24332,49924,20561
40220,46093,8266
26110,92063,25183
40460,21169,20615
40460,25932,20615
40460,28624,20615
@dps-end:
@rep:2
@time:152.394
@trys:8738200
@seed:125164703
@dps-begin:
40220,46093,24802
40220,632,46093
40220,46093,22805
40220,46093,23257
24332,49924,20561
40220,46093,8266
26110,92063,25183
40460,21169,20615
40460,25932,20615
40460,28624,20615
@dps-end:
@rep:3
@time:155.568
@trys:8738200
@seed:132011827
@dps-begin:
40220,46093,24802
40220,632,46093
40220,46093,22805
40220,46093,23257
24332,49924,20561
40220,46093,8266
26110,92063,25183
40460,21169,20615
40460,25932,20615
40460,28624,20615
@dps-end:
@rep:4
@time:154.605
@trys:8738200
@seed:124987441
@dps-begin:
40220,46093,24802
40220,632,46093
40220,46093,22805
40220,46093,23257
24332,49924,20561
40220,46093,8266
26110,92063,25183
40460,21169,20615
40460,25932,20615
40460,28624,20615
@dps-end:
@rep:5
@time:154.647
@trys:8738200
@seed:123979721
@dps-begin:
40220,46093,24802
40220,632,46093
40220,46093,22805
40220,46093,23257
24332,49924,20561
40220,46093,8266
26110,92063,25183
40460,21169,20615
40460,25932,20615
40460,28624,20615
@dps-end:
@rep:6
@time:152.77
@trys:8738200
@seed:119777719
@dps-begin:
40220,46093,24802
40220,632,46093
40220,46093,22805
40220,46093,23257
24332,49924,20561
40220,46093,8266
26110,92063,25183
40460,21169,20615
40460,25932,20615
40460,28624,20615
@dps-end:
@rep:7
@time:154.013
@trys:8738200
@seed:117705823
@dps-begin:
40220,46093,24802
40220,632,46093
40220,46093,22805
40220,46093,23257
24332,49924,20561
40220,46093,8266
26110,92063,25183
40460,21169,20615
40460,25932,20615
40460,28624,20615
@dps-end:
@rep:8
@time:153.579
@trys:8738200
@seed:112131119
@dps-begin:
40220,46093,24802
40220,632,46093
40220,46093,22805
40220,46093,23257
24332,49924,20561
40220,46093,8266
26110,92063,25183
40460,21169,20615
40460,25932,20615
40460,28624,20615
@dps-end:
@rep:9
@time:106.564
@trys:8738200
@seed:108626351
@dps-begin:
40220,46093,24802
40220,632,46093
40220,46093,22805
40220,46093,23257
24332,49924,20561
40220,46093,8266
26110,92063,25183
40460,21169,20615
40460,25932,20615
40460,28624,20615
@dps-end:
@rep:10
@time:44.999
@trys:8738200
@seed:107980007
@dps-begin:
40220,46093,24802
40220,632,46093
40220,46093,22805
40220,46093,23257
24332,49924,20561
40220,46093,8266
26110,92063,25183
40460,21169,20615
40460,25932,20615
40460,28624,20615
@dps-end:
@rep:11
@time:45.443
@trys:8738200
@seed:106368047
@dps-begin:
40220,46093,24802
40220,632,46093
40220,46093,22805
40220,46093,23257
24332,49924,20561
40220,46093,8266
26110,92063,25183
40460,21169,20615
40460,25932,20615
40460,28624,20615
@dps-end:
@rep:12
@time:44.072
@trys:8738200
@seed:99187427
@dps-begin:
40220,46093,24802
40220,632,46093
40220,46093,22805
40220,46093,23257
24332,49924,20561
40220,46093,8266
26110,92063,25183
40460,21169,20615
40460,25932,20615
40460,28624,20615
@dps-end:
@rep:13
@time:44.032
@trys:8738200
@seed:98976029
@dps-begin:
40220,46093,24802
40220,632,46093
40220,46093,22805
40220,46093,23257
24332,49924,20561
40220,46093,8266
26110,92063,25183
40460,21169,20615
40460,25932,20615
40460,28624,20615
@dps-end:
@rep:14
@time:46.036
@trys:8738200
@seed:97875523
@dps-begin:
40220,46093,24802
40220,632,46093
40220,46093,22805
40220,46093,23257
24332,49924,20561
40220,46093,8266
26110,92063,25183
40460,21169,20615
40460,25932,20615
40460,28624,20615
@dps-end:
@rep:15
@time:49.062
@trys:8738200
@seed:96763291
@dps-begin:
40220,46093,24802
40220,632,46093
40220,46093,22805
40220,46093,23257
24332,49924,20561
40220,46093,8266
26110,92063,25183
40460,21169,20615
40460,25932,20615
40460,28624,20615
@dps-end:
@rep:16
@time:49.119
@trys:8738200
@seed:95808337
@dps-begin:
40220,46093,24802
40220,632,46093
40220,46093,22805
40220,46093,23257
24332,49924,20561
40220,46093,8266
26110,92063,25183
40460,21169,20615
40460,25932,20615
40460,28624,20615
@dps-end:
@rep:17
@time:44.177
@trys:8738200
@seed:94847387
@dps-begin:
40220,46093,24802
40220,632,46093
40220,46093,22805
40220,46093,23257
24332,49924,20561
40220,46093,8266
26110,92063,25183
40460,21169,20615
40460,25932,20615
40460,28624,20615
@dps-end:
@rep:18
@time:39.583
@trys:8738200
@seed:87552823
@dps-begin:
40220,46093,24802
40220,632,46093
40220,46093,22805
40220,46093,23257
24332,49924,20561
40220,46093,8266
26110,92063,25183
40460,21169,20615
40460,25932,20615
40460,28624,20615
@dps-end:
@rep:19
@time:33.005
@trys:8738200
@seed:86842271
@dps-begin:
40220,46093,24802
40220,632,46093
40220,46093,22805
40220,46093,23257
24332,49924,20561
40220,46093,8266
26110,92063,25183
40460,21169,20615
40460,25932,20615
40460,28624,20615
@dps-end:
@rep:20
@time:35.962
@trys:8738200
@seed:80650457
@dps-begin:
40220,46093,24802
40220,632,46093
40220,46093,22805
40220,46093,23257
24332,49924,20561
40220,46093,8266
26110,92063,25183
40460,21169,20615
40460,25932,20615
40460,28624,20615
@dps-end:
@rep:21
@time:35.498
@trys:8738200
@seed:78220001
@dps-begin:
40220,46093,24802
40220,632,46093
40220,46093,22805
40220,46093,23257
24332,49924,20561
40220,46093,8266
26110,92063,25183
40460,21169,20615
40460,25932,20615
40460,28624,20615
@dps-end:
@rep:22
@time:40.277
@trys:8738200
@seed:74585729
@dps-begin:
40220,46093,24802
40220,632,46093
40220,46093,22805
40220,46093,23257
24332,49924,20561
40220,46093,8266
26110,92063,25183
40460,21169,20615
40460,25932,20615
40460,28624,20615
@dps-end:
@rep:23
@time:45.205
@trys:8738200
@seed:73852469
@dps-begin:
40220,46093,24802
40220,632,46093
40220,46093,22805
40220,46093,23257
24332,49924,20561
40220,46093,8266
26110,92063,25183
40460,21169,20615
40460,25932,20615
40460,28624,20615
@dps-end:
@rep:24
@time:45.431
@trys:8738200
@seed:68750849
@dps-begin:
40220,46093,24802
40220,632,46093
40220,46093,22805
40220,46093,23257
24332,49924,20561
40220,46093,8266
26110,92063,25183
40460,21169,20615
40460,25932,20615
40460,28624,20615
@dps-end:
@rep:25
@time:37.499
@trys:8738200
@seed:58160551
@dps-begin:
40220,46093,24802
40220,632,46093
40220,46093,22805
40220,46093,23257
24332,49924,20561
40220,46093,8266
26110,92063,25183
40460,21169,20615
40460,25932,20615
40460,28624,20615
@dps-end:
@rep:26
@time:37.719
@trys:8738200
@seed:45320477
@dps-begin:
40220,46093,24802
40220,632,46093
40220,46093,22805
40220,46093,23257
24332,49924,20561
40220,46093,8266
26110,92063,25183
40460,21169,20615
40460,25932,20615
40460,28624,20615
@dps-end:
@rep:27
@time:39.212
@trys:8738200
@seed:31913771
@dps-begin:
40220,46093,24802
40220,632,46093
40220,46093,22805
40220,46093,23257
24332,49924,20561
40220,46093,8266
26110,92063,25183
40460,21169,20615
40460,25932,20615
40460,28624,20615
@dps-end:
@rep:28
@time:38.286
@trys:8738200
@seed:24096223
@dps-begin:
40220,46093,24802
40220,632,46093
40220,46093,22805
40220,46093,23257
24332,49924,20561
40220,46093,8266
26110,92063,25183
40460,21169,20615
40460,25932,20615
40460,28624,20615
@dps-end:
@rep:29
@time:38.664
@trys:8738200
@seed:16980937
@dps-begin:
40220,46093,24802
40220,632,46093
40220,46093,22805
40220,46093,23257
24332,49924,20561
40220,46093,8266
26110,92063,25183
40460,21169,20615
40460,25932,20615
40460,28624,20615
@dps-end:
@rep:30
@time:38.907
@trys:8738200
@seed:8261369
@dps-begin:
40220,46093,24802
40220,632,46093
40220,46093,22805
40220,46093,23257
24332,49924,20561
40220,46093,8266
26110,92063,25183
40460,21169,20615
40460,25932,20615
40460,28624,20615
@dps-end:
