@rep:1
@time:9.567
@trys:1515040
@seed:179424673
@dps-begin:
13307,24807
18388,6831
21752,12668
13402,16323
14046,13307
20597,24807
16256,20227
17885,13402
13307,16579
7809,6831
@dps-end:
@rep:2
@time:9.905
@trys:1515040
@seed:125164703
@dps-begin:
13307,24807
18388,6831
21752,12668
13402,16323
14046,13307
20597,24807
16256,20227
17885,13402
13307,16579
7809,6831
@dps-end:
@rep:3
@time:9.284
@trys:1515040
@seed:132011827
@dps-begin:
13307,24807
18388,6831
21752,12668
13402,16323
14046,13307
20597,24807
16256,20227
17885,13402
13307,16579
7809,6831
@dps-end:
@rep:4
@time:9.433
@trys:1515040
@seed:124987441
@dps-begin:
13307,24807
18388,6831
21752,12668
13402,16323
14046,13307
20597,24807
16256,20227
17885,13402
13307,16579
7809,6831
@dps-end:
@rep:5
@time:9.287
@trys:1515040
@seed:123979721
@dps-begin:
13307,24807
18388,6831
21752,12668
13402,16323
14046,13307
20597,24807
16256,20227
17885,13402
13307,16579
7809,6831
@dps-end:
@rep:6
@time:9.324
@trys:1515040
@seed:119777719
@dps-begin:
13307,24807
18388,6831
21752,12668
13402,16323
14046,13307
20597,24807
16256,20227
17885,13402
13307,16579
7809,6831
@dps-end:
@rep:7
@time:9.447
@trys:1515040
@seed:117705823
@dps-begin:
13307,24807
18388,6831
21752,12668
13402,16323
14046,13307
20597,24807
16256,20227
17885,13402
13307,16579
7809,6831
@dps-end:
@rep:8
@time:9.114
@trys:1515040
@seed:112131119
@dps-begin:
13307,24807
18388,6831
21752,12668
13402,16323
14046,13307
20597,24807
16256,20227
17885,13402
13307,16579
7809,6831
@dps-end:
@rep:9
@time:9.234
@trys:1515040
@seed:108626351
@dps-begin:
13307,24807
18388,6831
21752,12668
13402,16323
14046,13307
20597,24807
16256,20227
17885,13402
13307,16579
7809,6831
@dps-end:
@rep:10
@time:9.49
@trys:1515040
@seed:107980007
@dps-begin:
13307,24807
18388,6831
21752,12668
13402,16323
14046,13307
20597,24807
16256,20227
17885,13402
13307,16579
7809,6831
@dps-end:
@rep:11
@time:9.323
@trys:1515040
@seed:106368047
@dps-begin:
13307,24807
18388,6831
21752,12668
13402,16323
14046,13307
20597,24807
16256,20227
17885,13402
13307,16579
7809,6831
@dps-end:
@rep:12
@time:9.215
@trys:1515040
@seed:99187427
@dps-begin:
13307,24807
18388,6831
21752,12668
13402,16323
14046,13307
20597,24807
16256,20227
17885,13402
13307,16579
7809,6831
@dps-end:
@rep:13
@time:10.132
@trys:1515040
@seed:98976029
@dps-begin:
13307,24807
18388,6831
21752,12668
13402,16323
14046,13307
20597,24807
16256,20227
17885,13402
13307,16579
7809,6831
@dps-end:
@rep:14
@time:9.332
@trys:1515040
@seed:97875523
@dps-begin:
13307,24807
18388,6831
21752,12668
13402,16323
14046,13307
20597,24807
16256,20227
17885,13402
13307,16579
7809,6831
@dps-end:
@rep:15
@time:9.317
@trys:1515040
@seed:96763291
@dps-begin:
13307,24807
18388,6831
21752,12668
13402,16323
14046,13307
20597,24807
16256,20227
17885,13402
13307,16579
7809,6831
@dps-end:
@rep:16
@time:9.38
@trys:1515040
@seed:95808337
@dps-begin:
13307,24807
18388,6831
21752,12668
13402,16323
14046,13307
20597,24807
16256,20227
17885,13402
13307,16579
7809,6831
@dps-end:
@rep:17
@time:9.226
@trys:1515040
@seed:94847387
@dps-begin:
13307,24807
18388,6831
21752,12668
13402,16323
14046,13307
20597,24807
16256,20227
17885,13402
13307,16579
7809,6831
@dps-end:
@rep:18
@time:9.163
@trys:1515040
@seed:87552823
@dps-begin:
13307,24807
18388,6831
21752,12668
13402,16323
14046,13307
20597,24807
16256,20227
17885,13402
13307,16579
7809,6831
@dps-end:
@rep:19
@time:9.332
@trys:1515040
@seed:86842271
@dps-begin:
13307,24807
18388,6831
21752,12668
13402,16323
14046,13307
20597,24807
16256,20227
17885,13402
13307,16579
7809,6831
@dps-end:
@rep:20
@time:9.464
@trys:1515040
@seed:80650457
@dps-begin:
13307,24807
18388,6831
21752,12668
13402,16323
14046,13307
20597,24807
16256,20227
17885,13402
13307,16579
7809,6831
@dps-end:
@rep:21
@time:9.369
@trys:1515040
@seed:78220001
@dps-begin:
13307,24807
18388,6831
21752,12668
13402,16323
14046,13307
20597,24807
16256,20227
17885,13402
13307,16579
7809,6831
@dps-end:
@rep:22
@time:9.322
@trys:1515040
@seed:74585729
@dps-begin:
13307,24807
18388,6831
21752,12668
13402,16323
14046,13307
20597,24807
16256,20227
17885,13402
13307,16579
7809,6831
@dps-end:
@rep:23
@time:9.38
@trys:1515040
@seed:73852469
@dps-begin:
13307,24807
18388,6831
21752,12668
13402,16323
14046,13307
20597,24807
16256,20227
17885,13402
13307,16579
7809,6831
@dps-end:
@rep:24
@time:9.442
@trys:1515040
@seed:68750849
@dps-begin:
13307,24807
18388,6831
21752,12668
13402,16323
14046,13307
20597,24807
16256,20227
17885,13402
13307,16579
7809,6831
@dps-end:
@rep:25
@time:9.379
@trys:1515040
@seed:58160551
@dps-begin:
13307,24807
18388,6831
21752,12668
13402,16323
14046,13307
20597,24807
16256,20227
17885,13402
13307,16579
7809,6831
@dps-end:
@rep:26
@time:9.38
@trys:1515040
@seed:45320477
@dps-begin:
13307,24807
18388,6831
21752,12668
13402,16323
14046,13307
20597,24807
16256,20227
17885,13402
13307,16579
7809,6831
@dps-end:
@rep:27
@time:9.646
@trys:1515040
@seed:31913771
@dps-begin:
13307,24807
18388,6831
21752,12668
13402,16323
14046,13307
20597,24807
16256,20227
17885,13402
13307,16579
7809,6831
@dps-end:
@rep:28
@time:9.521
@trys:1515040
@seed:24096223
@dps-begin:
13307,24807
18388,6831
21752,12668
13402,16323
14046,13307
20597,24807
16256,20227
17885,13402
13307,16579
7809,6831
@dps-end:
@rep:29
@time:9.263
@trys:1515040
@seed:16980937
@dps-begin:
13307,24807
18388,6831
21752,12668
13402,16323
14046,13307
20597,24807
16256,20227
17885,13402
13307,16579
7809,6831
@dps-end:
@rep:30
@time:9.392
@trys:1515040
@seed:8261369
@dps-begin:
13307,24807
18388,6831
21752,12668
13402,16323
14046,13307
20597,24807
16256,20227
17885,13402
13307,16579
7809,6831
@dps-end:
