@rep:1
@time:5.724
@trys:1515040
@seed:179424673
@dps-begin:
7940,12066
12066,14971
12066,9818
24889,21278
6640,14520
20918,2243
12066,1674
3824,12066
12066,18871
12066,20283
@dps-end:
@rep:2
@time:5.571
@trys:1515040
@seed:125164703
@dps-begin:
7940,12066
12066,14971
12066,9818
24889,21278
6640,14520
20918,2243
12066,1674
3824,12066
12066,18871
12066,20283
@dps-end:
@rep:3
@time:5.501
@trys:1515040
@seed:132011827
@dps-begin:
7940,12066
12066,14971
12066,9818
24889,21278
6640,14520
20918,2243
12066,1674
3824,12066
12066,18871
12066,20283
@dps-end:
@rep:4
@time:5.544
@trys:1515040
@seed:124987441
@dps-begin:
7940,12066
12066,14971
12066,9818
24889,21278
6640,14520
20918,2243
12066,1674
3824,12066
12066,18871
12066,20283
@dps-end:
@rep:5
@time:5.513
@trys:1515040
@seed:123979721
@dps-begin:
7940,12066
12066,14971
12066,9818
24889,21278
6640,14520
20918,2243
12066,1674
3824,12066
12066,18871
12066,20283
@dps-end:
@rep:6
@time:5.558
@trys:1515040
@seed:119777719
@dps-begin:
7940,12066
12066,14971
12066,9818
24889,21278
6640,14520
20918,2243
12066,1674
3824,12066
12066,18871
12066,20283
@dps-end:
@rep:7
@time:5.656
@trys:1515040
@seed:117705823
@dps-begin:
7940,12066
12066,14971
12066,9818
24889,21278
6640,14520
20918,2243
12066,1674
3824,12066
12066,18871
12066,20283
@dps-end:
@rep:8
@time:5.624
@trys:1515040
@seed:112131119
@dps-begin:
7940,12066
12066,14971
12066,9818
24889,21278
6640,14520
20918,2243
12066,1674
3824,12066
12066,18871
12066,20283
@dps-end:
@rep:9
@time:5.595
@trys:1515040
@seed:108626351
@dps-begin:
7940,12066
12066,14971
12066,9818
24889,21278
6640,14520
20918,2243
12066,1674
3824,12066
12066,18871
12066,20283
@dps-end:
@rep:10
@time:5.578
@trys:1515040
@seed:107980007
@dps-begin:
7940,12066
12066,14971
12066,9818
24889,21278
6640,14520
20918,2243
12066,1674
3824,12066
12066,18871
12066,20283
@dps-end:
@rep:11
@time:5.6
@trys:1515040
@seed:106368047
@dps-begin:
7940,12066
12066,14971
12066,9818
24889,21278
6640,14520
20918,2243
12066,1674
3824,12066
12066,18871
12066,20283
@dps-end:
@rep:12
@time:5.638
@trys:1515040
@seed:99187427
@dps-begin:
7940,12066
12066,14971
12066,9818
24889,21278
6640,14520
20918,2243
12066,1674
3824,12066
12066,18871
12066,20283
@dps-end:
@rep:13
@time:5.56
@trys:1515040
@seed:98976029
@dps-begin:
7940,12066
12066,14971
12066,9818
24889,21278
6640,14520
20918,2243
12066,1674
3824,12066
12066,18871
12066,20283
@dps-end:
@rep:14
@time:5.508
@trys:1515040
@seed:97875523
@dps-begin:
7940,12066
12066,14971
12066,9818
24889,21278
6640,14520
20918,2243
12066,1674
3824,12066
12066,18871
12066,20283
@dps-end:
@rep:15
@time:5.459
@trys:1515040
@seed:96763291
@dps-begin:
7940,12066
12066,14971
12066,9818
24889,21278
6640,14520
20918,2243
12066,1674
3824,12066
12066,18871
12066,20283
@dps-end:
@rep:16
@time:5.469
@trys:1515040
@seed:95808337
@dps-begin:
7940,12066
12066,14971
12066,9818
24889,21278
6640,14520
20918,2243
12066,1674
3824,12066
12066,18871
12066,20283
@dps-end:
@rep:17
@time:5.548
@trys:1515040
@seed:94847387
@dps-begin:
7940,12066
12066,14971
12066,9818
24889,21278
6640,14520
20918,2243
12066,1674
3824,12066
12066,18871
12066,20283
@dps-end:
@rep:18
@time:5.689
@trys:1515040
@seed:87552823
@dps-begin:
7940,12066
12066,14971
12066,9818
24889,21278
6640,14520
20918,2243
12066,1674
3824,12066
12066,18871
12066,20283
@dps-end:
@rep:19
@time:5.772
@trys:1515040
@seed:86842271
@dps-begin:
7940,12066
12066,14971
12066,9818
24889,21278
6640,14520
20918,2243
12066,1674
3824,12066
12066,18871
12066,20283
@dps-end:
@rep:20
@time:5.581
@trys:1515040
@seed:80650457
@dps-begin:
7940,12066
12066,14971
12066,9818
24889,21278
6640,14520
20918,2243
12066,1674
3824,12066
12066,18871
12066,20283
@dps-end:
@rep:21
@time:5.678
@trys:1515040
@seed:78220001
@dps-begin:
7940,12066
12066,14971
12066,9818
24889,21278
6640,14520
20918,2243
12066,1674
3824,12066
12066,18871
12066,20283
@dps-end:
@rep:22
@time:5.629
@trys:1515040
@seed:74585729
@dps-begin:
7940,12066
12066,14971
12066,9818
24889,21278
6640,14520
20918,2243
12066,1674
3824,12066
12066,18871
12066,20283
@dps-end:
@rep:23
@time:5.589
@trys:1515040
@seed:73852469
@dps-begin:
7940,12066
12066,14971
12066,9818
24889,21278
6640,14520
20918,2243
12066,1674
3824,12066
12066,18871
12066,20283
@dps-end:
@rep:24
@time:5.551
@trys:1515040
@seed:68750849
@dps-begin:
7940,12066
12066,14971
12066,9818
24889,21278
6640,14520
20918,2243
12066,1674
3824,12066
12066,18871
12066,20283
@dps-end:
@rep:25
@time:5.44
@trys:1515040
@seed:58160551
@dps-begin:
7940,12066
12066,14971
12066,9818
24889,21278
6640,14520
20918,2243
12066,1674
3824,12066
12066,18871
12066,20283
@dps-end:
@rep:26
@time:5.485
@trys:1515040
@seed:45320477
@dps-begin:
7940,12066
12066,14971
12066,9818
24889,21278
6640,14520
20918,2243
12066,1674
3824,12066
12066,18871
12066,20283
@dps-end:
@rep:27
@time:5.474
@trys:1515040
@seed:31913771
@dps-begin:
7940,12066
12066,14971
12066,9818
24889,21278
6640,14520
20918,2243
12066,1674
3824,12066
12066,18871
12066,20283
@dps-end:
@rep:28
@time:5.51
@trys:1515040
@seed:24096223
@dps-begin:
7940,12066
12066,14971
12066,9818
24889,21278
6640,14520
20918,2243
12066,1674
3824,12066
12066,18871
12066,20283
@dps-end:
@rep:29
@time:5.445
@trys:1515040
@seed:16980937
@dps-begin:
7940,12066
12066,14971
12066,9818
24889,21278
6640,14520
20918,2243
12066,1674
3824,12066
12066,18871
12066,20283
@dps-end:
@rep:30
@time:5.557
@trys:1515040
@seed:8261369
@dps-begin:
7940,12066
12066,14971
12066,9818
24889,21278
6640,14520
20918,2243
12066,1674
3824,12066
12066,18871
12066,20283
@dps-end:
