@rep:1
@time:19.57
@trys:2665840
@seed:179424673
@dps-begin:
18556,19137
18556,10445
18185,9014
35897,9014
19137,477
10453,6979
32998,6979
8068,34255
20390,21874
26024,20390
@dps-end:
@rep:2
@time:19.219
@trys:2665840
@seed:125164703
@dps-begin:
18556,19137
18556,10445
18185,9014
35897,9014
19137,477
10453,6979
32998,6979
8068,34255
20390,21874
26024,20390
@dps-end:
@rep:3
@time:19.252
@trys:2665840
@seed:132011827
@dps-begin:
18556,19137
18556,10445
18185,9014
35897,9014
19137,477
10453,6979
32998,6979
8068,34255
20390,21874
26024,20390
@dps-end:
@rep:4
@time:19.078
@trys:2665840
@seed:124987441
@dps-begin:
18556,19137
18556,10445
18185,9014
35897,9014
19137,477
10453,6979
32998,6979
8068,34255
20390,21874
26024,20390
@dps-end:
@rep:5
@time:19.162
@trys:2665840
@seed:123979721
@dps-begin:
18556,19137
18556,10445
18185,9014
35897,9014
19137,477
10453,6979
32998,6979
8068,34255
20390,21874
26024,20390
@dps-end:
@rep:6
@time:19.152
@trys:2665840
@seed:119777719
@dps-begin:
18556,19137
18556,10445
18185,9014
35897,9014
19137,477
10453,6979
32998,6979
8068,34255
20390,21874
26024,20390
@dps-end:
@rep:7
@time:19.423
@trys:2665840
@seed:117705823
@dps-begin:
18556,19137
18556,10445
18185,9014
35897,9014
19137,477
10453,6979
32998,6979
8068,34255
20390,21874
26024,20390
@dps-end:
@rep:8
@time:18.954
@trys:2665840
@seed:112131119
@dps-begin:
18556,19137
18556,10445
18185,9014
35897,9014
19137,477
10453,6979
32998,6979
8068,34255
20390,21874
26024,20390
@dps-end:
@rep:9
@time:19.14
@trys:2665840
@seed:108626351
@dps-begin:
18556,19137
18556,10445
18185,9014
35897,9014
19137,477
10453,6979
32998,6979
8068,34255
20390,21874
26024,20390
@dps-end:
@rep:10
@time:18.999
@trys:2665840
@seed:107980007
@dps-begin:
18556,19137
18556,10445
18185,9014
35897,9014
19137,477
10453,6979
32998,6979
8068,34255
20390,21874
26024,20390
@dps-end:
@rep:11
@time:19.021
@trys:2665840
@seed:106368047
@dps-begin:
18556,19137
18556,10445
18185,9014
35897,9014
19137,477
10453,6979
32998,6979
8068,34255
20390,21874
26024,20390
@dps-end:
@rep:12
@time:19.395
@trys:2665840
@seed:99187427
@dps-begin:
18556,19137
18556,10445
18185,9014
35897,9014
19137,477
10453,6979
32998,6979
8068,34255
20390,21874
26024,20390
@dps-end:
@rep:13
@time:19.164
@trys:2665840
@seed:98976029
@dps-begin:
18556,19137
18556,10445
18185,9014
35897,9014
19137,477
10453,6979
32998,6979
8068,34255
20390,21874
26024,20390
@dps-end:
@rep:14
@time:19.107
@trys:2665840
@seed:97875523
@dps-begin:
18556,19137
18556,10445
18185,9014
35897,9014
19137,477
10453,6979
32998,6979
8068,34255
20390,21874
26024,20390
@dps-end:
@rep:15
@time:19.333
@trys:2665840
@seed:96763291
@dps-begin:
18556,19137
18556,10445
18185,9014
35897,9014
19137,477
10453,6979
32998,6979
8068,34255
20390,21874
26024,20390
@dps-end:
@rep:16
@time:18.979
@trys:2665840
@seed:95808337
@dps-begin:
18556,19137
18556,10445
18185,9014
35897,9014
19137,477
10453,6979
32998,6979
8068,34255
20390,21874
26024,20390
@dps-end:
@rep:17
@time:19.049
@trys:2665840
@seed:94847387
@dps-begin:
18556,19137
18556,10445
18185,9014
35897,9014
19137,477
10453,6979
32998,6979
8068,34255
20390,21874
26024,20390
@dps-end:
@rep:18
@time:19.166
@trys:2665840
@seed:87552823
@dps-begin:
18556,19137
18556,10445
18185,9014
35897,9014
19137,477
10453,6979
32998,6979
8068,34255
20390,21874
26024,20390
@dps-end:
@rep:19
@time:18.857
@trys:2665840
@seed:86842271
@dps-begin:
18556,19137
18556,10445
18185,9014
35897,9014
19137,477
10453,6979
32998,6979
8068,34255
20390,21874
26024,20390
@dps-end:
@rep:20
@time:18.914
@trys:2665840
@seed:80650457
@dps-begin:
18556,19137
18556,10445
18185,9014
35897,9014
19137,477
10453,6979
32998,6979
8068,34255
20390,21874
26024,20390
@dps-end:
@rep:21
@time:19.738
@trys:2665840
@seed:78220001
@dps-begin:
18556,19137
18556,10445
18185,9014
35897,9014
19137,477
10453,6979
32998,6979
8068,34255
20390,21874
26024,20390
@dps-end:
@rep:22
@time:19.164
@trys:2665840
@seed:74585729
@dps-begin:
18556,19137
18556,10445
18185,9014
35897,9014
19137,477
10453,6979
32998,6979
8068,34255
20390,21874
26024,20390
@dps-end:
@rep:23
@time:19.056
@trys:2665840
@seed:73852469
@dps-begin:
18556,19137
18556,10445
18185,9014
35897,9014
19137,477
10453,6979
32998,6979
8068,34255
20390,21874
26024,20390
@dps-end:
@rep:24
@time:18.925
@trys:2665840
@seed:68750849
@dps-begin:
18556,19137
18556,10445
18185,9014
35897,9014
19137,477
10453,6979
32998,6979
8068,34255
20390,21874
26024,20390
@dps-end:
@rep:25
@time:18.791
@trys:2665840
@seed:58160551
@dps-begin:
18556,19137
18556,10445
18185,9014
35897,9014
19137,477
10453,6979
32998,6979
8068,34255
20390,21874
26024,20390
@dps-end:
@rep:26
@time:18.997
@trys:2665840
@seed:45320477
@dps-begin:
18556,19137
18556,10445
18185,9014
35897,9014
19137,477
10453,6979
32998,6979
8068,34255
20390,21874
26024,20390
@dps-end:
@rep:27
@time:19.334
@trys:2665840
@seed:31913771
@dps-begin:
18556,19137
18556,10445
18185,9014
35897,9014
19137,477
10453,6979
32998,6979
8068,34255
20390,21874
26024,20390
@dps-end:
@rep:28
@time:19.306
@trys:2665840
@seed:24096223
@dps-begin:
18556,19137
18556,10445
18185,9014
35897,9014
19137,477
10453,6979
32998,6979
8068,34255
20390,21874
26024,20390
@dps-end:
@rep:29
@time:18.897
@trys:2665840
@seed:16980937
@dps-begin:
18556,19137
18556,10445
18185,9014
35897,9014
19137,477
10453,6979
32998,6979
8068,34255
20390,21874
26024,20390
@dps-end:
@rep:30
@time:18.666
@trys:2665840
@seed:8261369
@dps-begin:
18556,19137
18556,10445
18185,9014
35897,9014
19137,477
10453,6979
32998,6979
8068,34255
20390,21874
26024,20390
@dps-end:
