@rep:1
@time:3.826
@trys:464840
@seed:179424673
@dps-begin:
2673,2813,2875
2673,2813,2677
2673,2813,2837
2673,2813,2701
2673,2813,2781
220,1333
2673,2813,2717
2673,2813,2698
2673,2233
2673,2907
@dps-end:
@rep:2
@time:3.614
@trys:464840
@seed:125164703
@dps-begin:
2673,2813,2875
2673,2813,2677
2673,2813,2837
2673,2813,2701
2673,2813,2781
220,1333
2673,2813,2717
2673,2813,2698
2673,2233
2673,2907
@dps-end:
@rep:3
@time:3.452
@trys:464840
@seed:132011827
@dps-begin:
2673,2813,2875
2673,2813,2677
2673,2813,2837
2673,2813,2701
2673,2813,2781
220,1333
2673,2813,2717
2673,2813,2698
2673,2233
2673,2907
@dps-end:
@rep:4
@time:3.62
@trys:464840
@seed:124987441
@dps-begin:
2673,2813,2875
2673,2813,2677
2673,2813,2837
2673,2813,2701
2673,2813,2781
220,1333
2673,2813,2717
2673,2813,2698
2673,2233
2673,2907
@dps-end:
@rep:5
@time:3.535
@trys:464840
@seed:123979721
@dps-begin:
2673,2813,2875
2673,2813,2677
2673,2813,2837
2673,2813,2701
2673,2813,2781
220,1333
2673,2813,2717
2673,2813,2698
2673,2233
2673,2907
@dps-end:
@rep:6
@time:3.568
@trys:464840
@seed:119777719
@dps-begin:
2673,2813,2875
2673,2813,2677
2673,2813,2837
2673,2813,2701
2673,2813,2781
220,1333
2673,2813,2717
2673,2813,2698
2673,2233
2673,2907
@dps-end:
@rep:7
@time:3.659
@trys:464840
@seed:117705823
@dps-begin:
2673,2813,2875
2673,2813,2677
2673,2813,2837
2673,2813,2701
2673,2813,2781
220,1333
2673,2813,2717
2673,2813,2698
2673,2233
2673,2907
@dps-end:
@rep:8
@time:3.51
@trys:464840
@seed:112131119
@dps-begin:
2673,2813,2875
2673,2813,2677
2673,2813,2837
2673,2813,2701
2673,2813,2781
220,1333
2673,2813,2717
2673,2813,2698
2673,2233
2673,2907
@dps-end:
@rep:9
@time:3.716
@trys:464840
@seed:108626351
@dps-begin:
2673,2813,2875
2673,2813,2677
2673,2813,2837
2673,2813,2701
2673,2813,2781
220,1333
2673,2813,2717
2673,2813,2698
2673,2233
2673,2907
@dps-end:
@rep:10
@time:3.681
@trys:464840
@seed:107980007
@dps-begin:
2673,2813,2875
2673,2813,2677
2673,2813,2837
2673,2813,2701
2673,2813,2781
220,1333
2673,2813,2717
2673,2813,2698
2673,2233
2673,2907
@dps-end:
@rep:11
@time:3.566
@trys:464840
@seed:106368047
@dps-begin:
2673,2813,2875
2673,2813,2677
2673,2813,2837
2673,2813,2701
2673,2813,2781
220,1333
2673,2813,2717
2673,2813,2698
2673,2233
2673,2907
@dps-end:
@rep:12
@time:3.583
@trys:464840
@seed:99187427
@dps-begin:
2673,2813,2875
2673,2813,2677
2673,2813,2837
2673,2813,2701
2673,2813,2781
220,1333
2673,2813,2717
2673,2813,2698
2673,2233
2673,2907
@dps-end:
@rep:13
@time:3.65
@trys:464840
@seed:98976029
@dps-begin:
2673,2813,2875
2673,2813,2677
2673,2813,2837
2673,2813,2701
2673,2813,2781
220,1333
2673,2813,2717
2673,2813,2698
2673,2233
2673,2907
@dps-end:
@rep:14
@time:3.496
@trys:464840
@seed:97875523
@dps-begin:
2673,2813,2875
2673,2813,2677
2673,2813,2837
2673,2813,2701
2673,2813,2781
220,1333
2673,2813,2717
2673,2813,2698
2673,2233
2673,2907
@dps-end:
@rep:15
@time:3.57
@trys:464840
@seed:96763291
@dps-begin:
2673,2813,2875
2673,2813,2677
2673,2813,2837
2673,2813,2701
2673,2813,2781
220,1333
2673,2813,2717
2673,2813,2698
2673,2233
2673,2907
@dps-end:
@rep:16
@time:3.703
@trys:464840
@seed:95808337
@dps-begin:
2673,2813,2875
2673,2813,2677
2673,2813,2837
2673,2813,2701
2673,2813,2781
220,1333
2673,2813,2717
2673,2813,2698
2673,2233
2673,2907
@dps-end:
@rep:17
@time:3.534
@trys:464840
@seed:94847387
@dps-begin:
2673,2813,2875
2673,2813,2677
2673,2813,2837
2673,2813,2701
2673,2813,2781
220,1333
2673,2813,2717
2673,2813,2698
2673,2233
2673,2907
@dps-end:
@rep:18
@time:3.693
@trys:464840
@seed:87552823
@dps-begin:
2673,2813,2875
2673,2813,2677
2673,2813,2837
2673,2813,2701
2673,2813,2781
220,1333
2673,2813,2717
2673,2813,2698
2673,2233
2673,2907
@dps-end:
@rep:19
@time:3.562
@trys:464840
@seed:86842271
@dps-begin:
2673,2813,2875
2673,2813,2677
2673,2813,2837
2673,2813,2701
2673,2813,2781
220,1333
2673,2813,2717
2673,2813,2698
2673,2233
2673,2907
@dps-end:
@rep:20
@time:3.548
@trys:464840
@seed:80650457
@dps-begin:
2673,2813,2875
2673,2813,2677
2673,2813,2837
2673,2813,2701
2673,2813,2781
220,1333
2673,2813,2717
2673,2813,2698
2673,2233
2673,2907
@dps-end:
@rep:21
@time:3.527
@trys:464840
@seed:78220001
@dps-begin:
2673,2813,2875
2673,2813,2677
2673,2813,2837
2673,2813,2701
2673,2813,2781
220,1333
2673,2813,2717
2673,2813,2698
2673,2233
2673,2907
@dps-end:
@rep:22
@time:3.479
@trys:464840
@seed:74585729
@dps-begin:
2673,2813,2875
2673,2813,2677
2673,2813,2837
2673,2813,2701
2673,2813,2781
220,1333
2673,2813,2717
2673,2813,2698
2673,2233
2673,2907
@dps-end:
@rep:23
@time:3.501
@trys:464840
@seed:73852469
@dps-begin:
2673,2813,2875
2673,2813,2677
2673,2813,2837
2673,2813,2701
2673,2813,2781
220,1333
2673,2813,2717
2673,2813,2698
2673,2233
2673,2907
@dps-end:
@rep:24
@time:3.629
@trys:464840
@seed:68750849
@dps-begin:
2673,2813,2875
2673,2813,2677
2673,2813,2837
2673,2813,2701
2673,2813,2781
220,1333
2673,2813,2717
2673,2813,2698
2673,2233
2673,2907
@dps-end:
@rep:25
@time:3.536
@trys:464840
@seed:58160551
@dps-begin:
2673,2813,2875
2673,2813,2677
2673,2813,2837
2673,2813,2701
2673,2813,2781
220,1333
2673,2813,2717
2673,2813,2698
2673,2233
2673,2907
@dps-end:
@rep:26
@time:3.581
@trys:464840
@seed:45320477
@dps-begin:
2673,2813,2875
2673,2813,2677
2673,2813,2837
2673,2813,2701
2673,2813,2781
220,1333
2673,2813,2717
2673,2813,2698
2673,2233
2673,2907
@dps-end:
@rep:27
@time:3.668
@trys:464840
@seed:31913771
@dps-begin:
2673,2813,2875
2673,2813,2677
2673,2813,2837
2673,2813,2701
2673,2813,2781
220,1333
2673,2813,2717
2673,2813,2698
2673,2233
2673,2907
@dps-end:
@rep:28
@time:3.512
@trys:464840
@seed:24096223
@dps-begin:
2673,2813,2875
2673,2813,2677
2673,2813,2837
2673,2813,2701
2673,2813,2781
220,1333
2673,2813,2717
2673,2813,2698
2673,2233
2673,2907
@dps-end:
@rep:29
@time:3.654
@trys:464840
@seed:16980937
@dps-begin:
2673,2813,2875
2673,2813,2677
2673,2813,2837
2673,2813,2701
2673,2813,2781
220,1333
2673,2813,2717
2673,2813,2698
2673,2233
2673,2907
@dps-end:
@rep:30
@time:3.69
@trys:464840
@seed:8261369
@dps-begin:
2673,2813,2875
2673,2813,2677
2673,2813,2837
2673,2813,2701
2673,2813,2781
220,1333
2673,2813,2717
2673,2813,2698
2673,2233
2673,2907
@dps-end:
