@rep:1
@time:0.34
@trys:240040
@seed:179424673
@dps-begin:
1025,3542
1141,3542
1558,3542
2082,3542
1141,325
3542,3163
61,3542
1025,767
1464,1025
1141,2002
@dps-end:
@rep:2
@time:0.312
@trys:240040
@seed:125164703
@dps-begin:
1025,3542
1141,3542
1558,3542
2082,3542
1141,325
3542,3163
61,3542
1025,767
1464,1025
1141,2002
@dps-end:
@rep:3
@time:0.296
@trys:240040
@seed:132011827
@dps-begin:
1025,3542
1141,3542
1558,3542
2082,3542
1141,325
3542,3163
61,3542
1025,767
1464,1025
1141,2002
@dps-end:
@rep:4
@time:0.327
@trys:240040
@seed:124987441
@dps-begin:
1025,3542
1141,3542
1558,3542
2082,3542
1141,325
3542,3163
61,3542
1025,767
1464,1025
1141,2002
@dps-end:
@rep:5
@time:0.306
@trys:240040
@seed:123979721
@dps-begin:
1025,3542
1141,3542
1558,3542
2082,3542
1141,325
3542,3163
61,3542
1025,767
1464,1025
1141,2002
@dps-end:
@rep:6
@time:0.306
@trys:240040
@seed:119777719
@dps-begin:
1025,3542
1141,3542
1558,3542
2082,3542
1141,325
3542,3163
61,3542
1025,767
1464,1025
1141,2002
@dps-end:
@rep:7
@time:0.298
@trys:240040
@seed:117705823
@dps-begin:
1025,3542
1141,3542
1558,3542
2082,3542
1141,325
3542,3163
61,3542
1025,767
1464,1025
1141,2002
@dps-end:
@rep:8
@time:0.293
@trys:240040
@seed:112131119
@dps-begin:
1025,3542
1141,3542
1558,3542
2082,3542
1141,325
3542,3163
61,3542
1025,767
1464,1025
1141,2002
@dps-end:
@rep:9
@time:0.29
@trys:240040
@seed:108626351
@dps-begin:
1025,3542
1141,3542
1558,3542
2082,3542
1141,325
3542,3163
61,3542
1025,767
1464,1025
1141,2002
@dps-end:
@rep:10
@time:0.288
@trys:240040
@seed:107980007
@dps-begin:
1025,3542
1141,3542
1558,3542
2082,3542
1141,325
3542,3163
61,3542
1025,767
1464,1025
1141,2002
@dps-end:
@rep:11
@time:0.29
@trys:240040
@seed:106368047
@dps-begin:
1025,3542
1141,3542
1558,3542
2082,3542
1141,325
3542,3163
61,3542
1025,767
1464,1025
1141,2002
@dps-end:
@rep:12
@time:0.29
@trys:240040
@seed:99187427
@dps-begin:
1025,3542
1141,3542
1558,3542
2082,3542
1141,325
3542,3163
61,3542
1025,767
1464,1025
1141,2002
@dps-end:
@rep:13
@time:0.314
@trys:240040
@seed:98976029
@dps-begin:
1025,3542
1141,3542
1558,3542
2082,3542
1141,325
3542,3163
61,3542
1025,767
1464,1025
1141,2002
@dps-end:
@rep:14
@time:0.289
@trys:240040
@seed:97875523
@dps-begin:
1025,3542
1141,3542
1558,3542
2082,3542
1141,325
3542,3163
61,3542
1025,767
1464,1025
1141,2002
@dps-end:
@rep:15
@time:0.298
@trys:240040
@seed:96763291
@dps-begin:
1025,3542
1141,3542
1558,3542
2082,3542
1141,325
3542,3163
61,3542
1025,767
1464,1025
1141,2002
@dps-end:
@rep:16
@time:0.296
@trys:240040
@seed:95808337
@dps-begin:
1025,3542
1141,3542
1558,3542
2082,3542
1141,325
3542,3163
61,3542
1025,767
1464,1025
1141,2002
@dps-end:
@rep:17
@time:0.295
@trys:240040
@seed:94847387
@dps-begin:
1025,3542
1141,3542
1558,3542
2082,3542
1141,325
3542,3163
61,3542
1025,767
1464,1025
1141,2002
@dps-end:
@rep:18
@time:0.298
@trys:240040
@seed:87552823
@dps-begin:
1025,3542
1141,3542
1558,3542
2082,3542
1141,325
3542,3163
61,3542
1025,767
1464,1025
1141,2002
@dps-end:
@rep:19
@time:0.29
@trys:240040
@seed:86842271
@dps-begin:
1025,3542
1141,3542
1558,3542
2082,3542
1141,325
3542,3163
61,3542
1025,767
1464,1025
1141,2002
@dps-end:
@rep:20
@time:0.297
@trys:240040
@seed:80650457
@dps-begin:
1025,3542
1141,3542
1558,3542
2082,3542
1141,325
3542,3163
61,3542
1025,767
1464,1025
1141,2002
@dps-end:
@rep:21
@time:0.295
@trys:240040
@seed:78220001
@dps-begin:
1025,3542
1141,3542
1558,3542
2082,3542
1141,325
3542,3163
61,3542
1025,767
1464,1025
1141,2002
@dps-end:
@rep:22
@time:0.297
@trys:240040
@seed:74585729
@dps-begin:
1025,3542
1141,3542
1558,3542
2082,3542
1141,325
3542,3163
61,3542
1025,767
1464,1025
1141,2002
@dps-end:
@rep:23
@time:0.304
@trys:240040
@seed:73852469
@dps-begin:
1025,3542
1141,3542
1558,3542
2082,3542
1141,325
3542,3163
61,3542
1025,767
1464,1025
1141,2002
@dps-end:
@rep:24
@time:0.303
@trys:240040
@seed:68750849
@dps-begin:
1025,3542
1141,3542
1558,3542
2082,3542
1141,325
3542,3163
61,3542
1025,767
1464,1025
1141,2002
@dps-end:
@rep:25
@time:0.297
@trys:240040
@seed:58160551
@dps-begin:
1025,3542
1141,3542
1558,3542
2082,3542
1141,325
3542,3163
61,3542
1025,767
1464,1025
1141,2002
@dps-end:
@rep:26
@time:0.296
@trys:240040
@seed:45320477
@dps-begin:
1025,3542
1141,3542
1558,3542
2082,3542
1141,325
3542,3163
61,3542
1025,767
1464,1025
1141,2002
@dps-end:
@rep:27
@time:0.301
@trys:240040
@seed:31913771
@dps-begin:
1025,3542
1141,3542
1558,3542
2082,3542
1141,325
3542,3163
61,3542
1025,767
1464,1025
1141,2002
@dps-end:
@rep:28
@time:0.3
@trys:240040
@seed:24096223
@dps-begin:
1025,3542
1141,3542
1558,3542
2082,3542
1141,325
3542,3163
61,3542
1025,767
1464,1025
1141,2002
@dps-end:
@rep:29
@time:0.291
@trys:240040
@seed:16980937
@dps-begin:
1025,3542
1141,3542
1558,3542
2082,3542
1141,325
3542,3163
61,3542
1025,767
1464,1025
1141,2002
@dps-end:
@rep:30
@time:0.298
@trys:240040
@seed:8261369
@dps-begin:
1025,3542
1141,3542
1558,3542
2082,3542
1141,325
3542,3163
61,3542
1025,767
1464,1025
1141,2002
@dps-end:
