@rep:1
@time:22.74
@trys:3565320
@seed:179424673
@dps-begin:
24832,10797,40335
24832,32833,39466
24832,10797,4703
24832,10797,8193
24832,10797,44402
24832,632,6703
24832,632,24118
24832,632,39711
13364,36297,26055
18880,24832,34356
@dps-end:
@rep:2
@time:22.782
@trys:3565320
@seed:125164703
@dps-begin:
24832,10797,40335
24832,32833,39466
24832,10797,4703
24832,10797,8193
24832,10797,44402
24832,632,6703
24832,632,24118
24832,632,39711
13364,36297,26055
18880,24832,34356
@dps-end:
@rep:3
@time:22.32
@trys:3565320
@seed:132011827
@dps-begin:
24832,10797,40335
24832,32833,39466
24832,10797,4703
24832,10797,8193
24832,10797,44402
24832,632,6703
24832,632,24118
24832,632,39711
13364,36297,26055
18880,24832,34356
@dps-end:
@rep:4
@time:22.779
@trys:3565320
@seed:124987441
@dps-begin:
24832,10797,40335
24832,32833,39466
24832,10797,4703
24832,10797,8193
24832,10797,44402
24832,632,6703
24832,632,24118
24832,632,39711
13364,36297,26055
18880,24832,34356
@dps-end:
@rep:5
@time:22.616
@trys:3565320
@seed:123979721
@dps-begin:
24832,10797,40335
24832,32833,39466
24832,10797,4703
24832,10797,8193
24832,10797,44402
24832,632,6703
24832,632,24118
24832,632,39711
13364,36297,26055
18880,24832,34356
@dps-end:
@rep:6
@time:22.652
@trys:3565320
@seed:119777719
@dps-begin:
24832,10797,40335
24832,32833,39466
24832,10797,4703
24832,10797,8193
24832,10797,44402
24832,632,6703
24832,632,24118
24832,632,39711
13364,36297,26055
18880,24832,34356
@dps-end:
@rep:7
@time:22.674
@trys:3565320
@seed:117705823
@dps-begin:
24832,10797,40335
24832,32833,39466
24832,10797,4703
24832,10797,8193
24832,10797,44402
24832,632,6703
24832,632,24118
24832,632,39711
13364,36297,26055
18880,24832,34356
@dps-end:
@rep:8
@time:22.595
@trys:3565320
@seed:112131119
@dps-begin:
24832,10797,40335
24832,32833,39466
24832,10797,4703
24832,10797,8193
24832,10797,44402
24832,632,6703
24832,632,24118
24832,632,39711
13364,36297,26055
18880,24832,34356
@dps-end:
@rep:9
@time:22.72
@trys:3565320
@seed:108626351
@dps-begin:
24832,10797,40335
24832,32833,39466
24832,10797,4703
24832,10797,8193
24832,10797,44402
24832,632,6703
24832,632,24118
24832,632,39711
13364,36297,26055
18880,24832,34356
@dps-end:
@rep:10
@time:22.483
@trys:3565320
@seed:107980007
@dps-begin:
24832,10797,40335
24832,32833,39466
24832,10797,4703
24832,10797,8193
24832,10797,44402
24832,632,6703
24832,632,24118
24832,632,39711
13364,36297,26055
18880,24832,34356
@dps-end:
@rep:11
@time:22.606
@trys:3565320
@seed:106368047
@dps-begin:
24832,10797,40335
24832,32833,39466
24832,10797,4703
24832,10797,8193
24832,10797,44402
24832,632,6703
24832,632,24118
24832,632,39711
13364,36297,26055
18880,24832,34356
@dps-end:
@rep:12
@time:22.399
@trys:3565320
@seed:99187427
@dps-begin:
24832,10797,40335
24832,32833,39466
24832,10797,4703
24832,10797,8193
24832,10797,44402
24832,632,6703
24832,632,24118
24832,632,39711
13364,36297,26055
18880,24832,34356
@dps-end:
@rep:13
@time:22.279
@trys:3565320
@seed:98976029
@dps-begin:
24832,10797,40335
24832,32833,39466
24832,10797,4703
24832,10797,8193
24832,10797,44402
24832,632,6703
24832,632,24118
24832,632,39711
13364,36297,26055
18880,24832,34356
@dps-end:
@rep:14
@time:22.587
@trys:3565320
@seed:97875523
@dps-begin:
24832,10797,40335
24832,32833,39466
24832,10797,4703
24832,10797,8193
24832,10797,44402
24832,632,6703
24832,632,24118
24832,632,39711
13364,36297,26055
18880,24832,34356
@dps-end:
@rep:15
@time:22.841
@trys:3565320
@seed:96763291
@dps-begin:
24832,10797,40335
24832,32833,39466
24832,10797,4703
24832,10797,8193
24832,10797,44402
24832,632,6703
24832,632,24118
24832,632,39711
13364,36297,26055
18880,24832,34356
@dps-end:
@rep:16
@time:22.965
@trys:3565320
@seed:95808337
@dps-begin:
24832,10797,40335
24832,32833,39466
24832,10797,4703
24832,10797,8193
24832,10797,44402
24832,632,6703
24832,632,24118
24832,632,39711
13364,36297,26055
18880,24832,34356
@dps-end:
@rep:17
@time:22.548
@trys:3565320
@seed:94847387
@dps-begin:
24832,10797,40335
24832,32833,39466
24832,10797,4703
24832,10797,8193
24832,10797,44402
24832,632,6703
24832,632,24118
24832,632,39711
13364,36297,26055
18880,24832,34356
@dps-end:
@rep:18
@time:22.779
@trys:3565320
@seed:87552823
@dps-begin:
24832,10797,40335
24832,32833,39466
24832,10797,4703
24832,10797,8193
24832,10797,44402
24832,632,6703
24832,632,24118
24832,632,39711
13364,36297,26055
18880,24832,34356
@dps-end:
@rep:19
@time:22.594
@trys:3565320
@seed:86842271
@dps-begin:
24832,10797,40335
24832,32833,39466
24832,10797,4703
24832,10797,8193
24832,10797,44402
24832,632,6703
24832,632,24118
24832,632,39711
13364,36297,26055
18880,24832,34356
@dps-end:
@rep:20
@time:22.598
@trys:3565320
@seed:80650457
@dps-begin:
24832,10797,40335
24832,32833,39466
24832,10797,4703
24832,10797,8193
24832,10797,44402
24832,632,6703
24832,632,24118
24832,632,39711
13364,36297,26055
18880,24832,34356
@dps-end:
@rep:21
@time:22.276
@trys:3565320
@seed:78220001
@dps-begin:
24832,10797,40335
24832,32833,39466
24832,10797,4703
24832,10797,8193
24832,10797,44402
24832,632,6703
24832,632,24118
24832,632,39711
13364,36297,26055
18880,24832,34356
@dps-end:
@rep:22
@time:22.073
@trys:3565320
@seed:74585729
@dps-begin:
24832,10797,40335
24832,32833,39466
24832,10797,4703
24832,10797,8193
24832,10797,44402
24832,632,6703
24832,632,24118
24832,632,39711
13364,36297,26055
18880,24832,34356
@dps-end:
@rep:23
@time:22.401
@trys:3565320
@seed:73852469
@dps-begin:
24832,10797,40335
24832,32833,39466
24832,10797,4703
24832,10797,8193
24832,10797,44402
24832,632,6703
24832,632,24118
24832,632,39711
13364,36297,26055
18880,24832,34356
@dps-end:
@rep:24
@time:22.434
@trys:3565320
@seed:68750849
@dps-begin:
24832,10797,40335
24832,32833,39466
24832,10797,4703
24832,10797,8193
24832,10797,44402
24832,632,6703
24832,632,24118
24832,632,39711
13364,36297,26055
18880,24832,34356
@dps-end:
@rep:25
@time:23.05
@trys:3565320
@seed:58160551
@dps-begin:
24832,10797,40335
24832,32833,39466
24832,10797,4703
24832,10797,8193
24832,10797,44402
24832,632,6703
24832,632,24118
24832,632,39711
13364,36297,26055
18880,24832,34356
@dps-end:
@rep:26
@time:22.801
@trys:3565320
@seed:45320477
@dps-begin:
24832,10797,40335
24832,32833,39466
24832,10797,4703
24832,10797,8193
24832,10797,44402
24832,632,6703
24832,632,24118
24832,632,39711
13364,36297,26055
18880,24832,34356
@dps-end:
@rep:27
@time:22.568
@trys:3565320
@seed:31913771
@dps-begin:
24832,10797,40335
24832,32833,39466
24832,10797,4703
24832,10797,8193
24832,10797,44402
24832,632,6703
24832,632,24118
24832,632,39711
13364,36297,26055
18880,24832,34356
@dps-end:
@rep:28
@time:22.412
@trys:3565320
@seed:24096223
@dps-begin:
24832,10797,40335
24832,32833,39466
24832,10797,4703
24832,10797,8193
24832,10797,44402
24832,632,6703
24832,632,24118
24832,632,39711
13364,36297,26055
18880,24832,34356
@dps-end:
@rep:29
@time:22.292
@trys:3565320
@seed:16980937
@dps-begin:
24832,10797,40335
24832,32833,39466
24832,10797,4703
24832,10797,8193
24832,10797,44402
24832,632,6703
24832,632,24118
24832,632,39711
13364,36297,26055
18880,24832,34356
@dps-end:
@rep:30
@time:22.365
@trys:3565320
@seed:8261369
@dps-begin:
24832,10797,40335
24832,32833,39466
24832,10797,4703
24832,10797,8193
24832,10797,44402
24832,632,6703
24832,632,24118
24832,632,39711
13364,36297,26055
18880,24832,34356
@dps-end:
