@rep:1
@time:6.989
@trys:2674000
@seed:179424673
@dps-begin:
24114,34655
1296,27439
5881,36407
1296,27750
34655,27439
34655,33679
1296,18898
18585,10803
34655,24847
18585,5
@dps-end:
@rep:2
@time:6.816
@trys:2674000
@seed:125164703
@dps-begin:
24114,34655
1296,27439
5881,36407
1296,27750
34655,27439
34655,33679
1296,18898
18585,10803
34655,24847
18585,5
@dps-end:
@rep:3
@time:6.803
@trys:2674000
@seed:132011827
@dps-begin:
24114,34655
1296,27439
5881,36407
1296,27750
34655,27439
34655,33679
1296,18898
18585,10803
34655,24847
18585,5
@dps-end:
@rep:4
@time:6.779
@trys:2674000
@seed:124987441
@dps-begin:
24114,34655
1296,27439
5881,36407
1296,27750
34655,27439
34655,33679
1296,18898
18585,10803
34655,24847
18585,5
@dps-end:
@rep:5
@time:6.766
@trys:2674000
@seed:123979721
@dps-begin:
24114,34655
1296,27439
5881,36407
1296,27750
34655,27439
34655,33679
1296,18898
18585,10803
34655,24847
18585,5
@dps-end:
@rep:6
@time:6.766
@trys:2674000
@seed:119777719
@dps-begin:
24114,34655
1296,27439
5881,36407
1296,27750
34655,27439
34655,33679
1296,18898
18585,10803
34655,24847
18585,5
@dps-end:
@rep:7
@time:6.823
@trys:2674000
@seed:117705823
@dps-begin:
24114,34655
1296,27439
5881,36407
1296,27750
34655,27439
34655,33679
1296,18898
18585,10803
34655,24847
18585,5
@dps-end:
@rep:8
@time:7.672
@trys:2674000
@seed:112131119
@dps-begin:
24114,34655
1296,27439
5881,36407
1296,27750
34655,27439
34655,33679
1296,18898
18585,10803
34655,24847
18585,5
@dps-end:
@rep:9
@time:7.326
@trys:2674000
@seed:108626351
@dps-begin:
24114,34655
1296,27439
5881,36407
1296,27750
34655,27439
34655,33679
1296,18898
18585,10803
34655,24847
18585,5
@dps-end:
@rep:10
@time:7.199
@trys:2674000
@seed:107980007
@dps-begin:
24114,34655
1296,27439
5881,36407
1296,27750
34655,27439
34655,33679
1296,18898
18585,10803
34655,24847
18585,5
@dps-end:
@rep:11
@time:7.123
@trys:2674000
@seed:106368047
@dps-begin:
24114,34655
1296,27439
5881,36407
1296,27750
34655,27439
34655,33679
1296,18898
18585,10803
34655,24847
18585,5
@dps-end:
@rep:12
@time:6.891
@trys:2674000
@seed:99187427
@dps-begin:
24114,34655
1296,27439
5881,36407
1296,27750
34655,27439
34655,33679
1296,18898
18585,10803
34655,24847
18585,5
@dps-end:
@rep:13
@time:6.815
@trys:2674000
@seed:98976029
@dps-begin:
24114,34655
1296,27439
5881,36407
1296,27750
34655,27439
34655,33679
1296,18898
18585,10803
34655,24847
18585,5
@dps-end:
@rep:14
@time:6.821
@trys:2674000
@seed:97875523
@dps-begin:
24114,34655
1296,27439
5881,36407
1296,27750
34655,27439
34655,33679
1296,18898
18585,10803
34655,24847
18585,5
@dps-end:
@rep:15
@time:6.826
@trys:2674000
@seed:96763291
@dps-begin:
24114,34655
1296,27439
5881,36407
1296,27750
34655,27439
34655,33679
1296,18898
18585,10803
34655,24847
18585,5
@dps-end:
@rep:16
@time:6.756
@trys:2674000
@seed:95808337
@dps-begin:
24114,34655
1296,27439
5881,36407
1296,27750
34655,27439
34655,33679
1296,18898
18585,10803
34655,24847
18585,5
@dps-end:
@rep:17
@time:6.744
@trys:2674000
@seed:94847387
@dps-begin:
24114,34655
1296,27439
5881,36407
1296,27750
34655,27439
34655,33679
1296,18898
18585,10803
34655,24847
18585,5
@dps-end:
@rep:18
@time:6.749
@trys:2674000
@seed:87552823
@dps-begin:
24114,34655
1296,27439
5881,36407
1296,27750
34655,27439
34655,33679
1296,18898
18585,10803
34655,24847
18585,5
@dps-end:
@rep:19
@time:6.775
@trys:2674000
@seed:86842271
@dps-begin:
24114,34655
1296,27439
5881,36407
1296,27750
34655,27439
34655,33679
1296,18898
18585,10803
34655,24847
18585,5
@dps-end:
@rep:20
@time:6.778
@trys:2674000
@seed:80650457
@dps-begin:
24114,34655
1296,27439
5881,36407
1296,27750
34655,27439
34655,33679
1296,18898
18585,10803
34655,24847
18585,5
@dps-end:
@rep:21
@time:6.744
@trys:2674000
@seed:78220001
@dps-begin:
24114,34655
1296,27439
5881,36407
1296,27750
34655,27439
34655,33679
1296,18898
18585,10803
34655,24847
18585,5
@dps-end:
@rep:22
@time:6.77
@trys:2674000
@seed:74585729
@dps-begin:
24114,34655
1296,27439
5881,36407
1296,27750
34655,27439
34655,33679
1296,18898
18585,10803
34655,24847
18585,5
@dps-end:
@rep:23
@time:6.772
@trys:2674000
@seed:73852469
@dps-begin:
24114,34655
1296,27439
5881,36407
1296,27750
34655,27439
34655,33679
1296,18898
18585,10803
34655,24847
18585,5
@dps-end:
@rep:24
@time:6.742
@trys:2674000
@seed:68750849
@dps-begin:
24114,34655
1296,27439
5881,36407
1296,27750
34655,27439
34655,33679
1296,18898
18585,10803
34655,24847
18585,5
@dps-end:
@rep:25
@time:6.75
@trys:2674000
@seed:58160551
@dps-begin:
24114,34655
1296,27439
5881,36407
1296,27750
34655,27439
34655,33679
1296,18898
18585,10803
34655,24847
18585,5
@dps-end:
@rep:26
@time:6.747
@trys:2674000
@seed:45320477
@dps-begin:
24114,34655
1296,27439
5881,36407
1296,27750
34655,27439
34655,33679
1296,18898
18585,10803
34655,24847
18585,5
@dps-end:
@rep:27
@time:6.759
@trys:2674000
@seed:31913771
@dps-begin:
24114,34655
1296,27439
5881,36407
1296,27750
34655,27439
34655,33679
1296,18898
18585,10803
34655,24847
18585,5
@dps-end:
@rep:28
@time:7.126
@trys:2674000
@seed:24096223
@dps-begin:
24114,34655
1296,27439
5881,36407
1296,27750
34655,27439
34655,33679
1296,18898
18585,10803
34655,24847
18585,5
@dps-end:
@rep:29
@time:7.196
@trys:2674000
@seed:16980937
@dps-begin:
24114,34655
1296,27439
5881,36407
1296,27750
34655,27439
34655,33679
1296,18898
18585,10803
34655,24847
18585,5
@dps-end:
@rep:30
@time:7.066
@trys:2674000
@seed:8261369
@dps-begin:
24114,34655
1296,27439
5881,36407
1296,27750
34655,27439
34655,33679
1296,18898
18585,10803
34655,24847
18585,5
@dps-end:
