@rep:1
@time:10.979
@trys:2020040
@seed:179424673
@dps-begin:
10824,699,14007
699,18835,15707
14696,18835,15707
22403,18835,15707
14696,7446,18835
14696,12596,18835
22403,18835,699
10824,22403,18835
11436,22403,18835
14696,22403,18835
@dps-end:
@rep:2
@time:10.978
@trys:2020040
@seed:125164703
@dps-begin:
10824,699,14007
699,18835,15707
14696,18835,15707
22403,18835,15707
14696,7446,18835
14696,12596,18835
22403,18835,699
10824,22403,18835
11436,22403,18835
14696,22403,18835
@dps-end:
@rep:3
@time:10.863
@trys:2020040
@seed:132011827
@dps-begin:
10824,699,14007
699,18835,15707
14696,18835,15707
22403,18835,15707
14696,7446,18835
14696,12596,18835
22403,18835,699
10824,22403,18835
11436,22403,18835
14696,22403,18835
@dps-end:
@rep:4
@time:10.748
@trys:2020040
@seed:124987441
@dps-begin:
10824,699,14007
699,18835,15707
14696,18835,15707
22403,18835,15707
14696,7446,18835
14696,12596,18835
22403,18835,699
10824,22403,18835
11436,22403,18835
14696,22403,18835
@dps-end:
@rep:5
@time:10.818
@trys:2020040
@seed:123979721
@dps-begin:
10824,699,14007
699,18835,15707
14696,18835,15707
22403,18835,15707
14696,7446,18835
14696,12596,18835
22403,18835,699
10824,22403,18835
11436,22403,18835
14696,22403,18835
@dps-end:
@rep:6
@time:10.705
@trys:2020040
@seed:119777719
@dps-begin:
10824,699,14007
699,18835,15707
14696,18835,15707
22403,18835,15707
14696,7446,18835
14696,12596,18835
22403,18835,699
10824,22403,18835
11436,22403,18835
14696,22403,18835
@dps-end:
@rep:7
@time:10.783
@trys:2020040
@seed:117705823
@dps-begin:
10824,699,14007
699,18835,15707
14696,18835,15707
22403,18835,15707
14696,7446,18835
14696,12596,18835
22403,18835,699
10824,22403,18835
11436,22403,18835
14696,22403,18835
@dps-end:
@rep:8
@time:10.802
@trys:2020040
@seed:112131119
@dps-begin:
10824,699,14007
699,18835,15707
14696,18835,15707
22403,18835,15707
14696,7446,18835
14696,12596,18835
22403,18835,699
10824,22403,18835
11436,22403,18835
14696,22403,18835
@dps-end:
@rep:9
@time:10.742
@trys:2020040
@seed:108626351
@dps-begin:
10824,699,14007
699,18835,15707
14696,18835,15707
22403,18835,15707
14696,7446,18835
14696,12596,18835
22403,18835,699
10824,22403,18835
11436,22403,18835
14696,22403,18835
@dps-end:
@rep:10
@time:10.669
@trys:2020040
@seed:107980007
@dps-begin:
10824,699,14007
699,18835,15707
14696,18835,15707
22403,18835,15707
14696,7446,18835
14696,12596,18835
22403,18835,699
10824,22403,18835
11436,22403,18835
14696,22403,18835
@dps-end:
@rep:11
@time:10.742
@trys:2020040
@seed:106368047
@dps-begin:
10824,699,14007
699,18835,15707
14696,18835,15707
22403,18835,15707
14696,7446,18835
14696,12596,18835
22403,18835,699
10824,22403,18835
11436,22403,18835
14696,22403,18835
@dps-end:
@rep:12
@time:10.711
@trys:2020040
@seed:99187427
@dps-begin:
10824,699,14007
699,18835,15707
14696,18835,15707
22403,18835,15707
14696,7446,18835
14696,12596,18835
22403,18835,699
10824,22403,18835
11436,22403,18835
14696,22403,18835
@dps-end:
@rep:13
@time:10.69
@trys:2020040
@seed:98976029
@dps-begin:
10824,699,14007
699,18835,15707
14696,18835,15707
22403,18835,15707
14696,7446,18835
14696,12596,18835
22403,18835,699
10824,22403,18835
11436,22403,18835
14696,22403,18835
@dps-end:
@rep:14
@time:10.605
@trys:2020040
@seed:97875523
@dps-begin:
10824,699,14007
699,18835,15707
14696,18835,15707
22403,18835,15707
14696,7446,18835
14696,12596,18835
22403,18835,699
10824,22403,18835
11436,22403,18835
14696,22403,18835
@dps-end:
@rep:15
@time:10.648
@trys:2020040
@seed:96763291
@dps-begin:
10824,699,14007
699,18835,15707
14696,18835,15707
22403,18835,15707
14696,7446,18835
14696,12596,18835
22403,18835,699
10824,22403,18835
11436,22403,18835
14696,22403,18835
@dps-end:
@rep:16
@time:10.653
@trys:2020040
@seed:95808337
@dps-begin:
10824,699,14007
699,18835,15707
14696,18835,15707
22403,18835,15707
14696,7446,18835
14696,12596,18835
22403,18835,699
10824,22403,18835
11436,22403,18835
14696,22403,18835
@dps-end:
@rep:17
@time:10.742
@trys:2020040
@seed:94847387
@dps-begin:
10824,699,14007
699,18835,15707
14696,18835,15707
22403,18835,15707
14696,7446,18835
14696,12596,18835
22403,18835,699
10824,22403,18835
11436,22403,18835
14696,22403,18835
@dps-end:
@rep:18
@time:10.653
@trys:2020040
@seed:87552823
@dps-begin:
10824,699,14007
699,18835,15707
14696,18835,15707
22403,18835,15707
14696,7446,18835
14696,12596,18835
22403,18835,699
10824,22403,18835
11436,22403,18835
14696,22403,18835
@dps-end:
@rep:19
@time:10.718
@trys:2020040
@seed:86842271
@dps-begin:
10824,699,14007
699,18835,15707
14696,18835,15707
22403,18835,15707
14696,7446,18835
14696,12596,18835
22403,18835,699
10824,22403,18835
11436,22403,18835
14696,22403,18835
@dps-end:
@rep:20
@time:10.824
@trys:2020040
@seed:80650457
@dps-begin:
10824,699,14007
699,18835,15707
14696,18835,15707
22403,18835,15707
14696,7446,18835
14696,12596,18835
22403,18835,699
10824,22403,18835
11436,22403,18835
14696,22403,18835
@dps-end:
@rep:21
@time:10.8
@trys:2020040
@seed:78220001
@dps-begin:
10824,699,14007
699,18835,15707
14696,18835,15707
22403,18835,15707
14696,7446,18835
14696,12596,18835
22403,18835,699
10824,22403,18835
11436,22403,18835
14696,22403,18835
@dps-end:
@rep:22
@time:10.836
@trys:2020040
@seed:74585729
@dps-begin:
10824,699,14007
699,18835,15707
14696,18835,15707
22403,18835,15707
14696,7446,18835
14696,12596,18835
22403,18835,699
10824,22403,18835
11436,22403,18835
14696,22403,18835
@dps-end:
@rep:23
@time:10.807
@trys:2020040
@seed:73852469
@dps-begin:
10824,699,14007
699,18835,15707
14696,18835,15707
22403,18835,15707
14696,7446,18835
14696,12596,18835
22403,18835,699
10824,22403,18835
11436,22403,18835
14696,22403,18835
@dps-end:
@rep:24
@time:10.88
@trys:2020040
@seed:68750849
@dps-begin:
10824,699,14007
699,18835,15707
14696,18835,15707
22403,18835,15707
14696,7446,18835
14696,12596,18835
22403,18835,699
10824,22403,18835
11436,22403,18835
14696,22403,18835
@dps-end:
@rep:25
@time:10.784
@trys:2020040
@seed:58160551
@dps-begin:
10824,699,14007
699,18835,15707
14696,18835,15707
22403,18835,15707
14696,7446,18835
14696,12596,18835
22403,18835,699
10824,22403,18835
11436,22403,18835
14696,22403,18835
@dps-end:
@rep:26
@time:10.904
@trys:2020040
@seed:45320477
@dps-begin:
10824,699,14007
699,18835,15707
14696,18835,15707
22403,18835,15707
14696,7446,18835
14696,12596,18835
22403,18835,699
10824,22403,18835
11436,22403,18835
14696,22403,18835
@dps-end:
@rep:27
@time:10.726
@trys:2020040
@seed:31913771
@dps-begin:
10824,699,14007
699,18835,15707
14696,18835,15707
22403,18835,15707
14696,7446,18835
14696,12596,18835
22403,18835,699
10824,22403,18835
11436,22403,18835
14696,22403,18835
@dps-end:
@rep:28
@time:10.83
@trys:2020040
@seed:24096223
@dps-begin:
10824,699,14007
699,18835,15707
14696,18835,15707
22403,18835,15707
14696,7446,18835
14696,12596,18835
22403,18835,699
10824,22403,18835
11436,22403,18835
14696,22403,18835
@dps-end:
@rep:29
@time:10.873
@trys:2020040
@seed:16980937
@dps-begin:
10824,699,14007
699,18835,15707
14696,18835,15707
22403,18835,15707
14696,7446,18835
14696,12596,18835
22403,18835,699
10824,22403,18835
11436,22403,18835
14696,22403,18835
@dps-end:
@rep:30
@time:10.783
@trys:2020040
@seed:8261369
@dps-begin:
10824,699,14007
699,18835,15707
14696,18835,15707
22403,18835,15707
14696,7446,18835
14696,12596,18835
22403,18835,699
10824,22403,18835
11436,22403,18835
14696,22403,18835
@dps-end:
