@rep:1
@time:3.544
@trys:255891
@seed:179424673
@dps-begin:
2673,2875,2813
2673,2837,2879
2801,2794,2717
2837,2794,2685
1333,220
2673,2883,2677
2849,2875,2685
2673,2233
1333,2794,2813
2224,2801
@dps-end:
@rep:2
@time:3.001
@trys:255893
@seed:125164703
@dps-begin:
2673,2875,2813
2673,2837,2879
2837,2794,2685
2832,2794,2717
1333,220
2673,2883,2677
2674,2837,2794
2674,2883,2875
2224,2801
2673,2811,2717
@dps-end:
@rep:3
@time:3.463
@trys:284967
@seed:132011827
@dps-begin:
2673,2875,2813
2682,2875,2715
2673,2787,2837
2801,2794,2717
1333,220
2673,2883,2677
4593,2673,4590
2801,2875,2717
2673,2813,2781,2829
2674,2883,2875
@dps-end:
@rep:4
@time:3.627
@trys:302441
@seed:124987441
@dps-begin:
2673,2875,2813
2673,2837,2811
2674,2875,2715
2694,2875,2813
2832,2794,2717
2837,2794,2685
2801,2875,2717
2673,2883,2701
2674,2837,2794
2849,2875,2685
@dps-end:
@rep:5
@time:3.994
@trys:337318
@seed:123979721
@dps-begin:
2673,2875,2813
2673,2837,2811
2673,2813,2701
2801,2794,2717
2674,2715,2875
1333,220
2673,2883,2677
2674,2837,2794
2710,2811,2829
4176,2863
@dps-end:
@rep:6
@time:3.519
@trys:296662
@seed:119777719
@dps-begin:
2673,2875,2813
2673,2837,2811
2837,2794,2685
2794,2717,2863
1333,220
2674,2875,2813
2673,2883,2677
2674,2837,2794
2773,2811,2717
4176,2863
@dps-end:
@rep:7
@time:3.093
@trys:255919
@seed:117705823
@dps-begin:
2673,2875,2813
2673,2837,2879
2801,2794,2717
2674,2875,2715
2837,2794,2685
1333,220
2673,2883,2677
2710,2811,2829
2673,2698,2813
2674,2794,2701
@dps-end:
@rep:8
@time:3.216
@trys:279141
@seed:112131119
@dps-begin:
2673,2875,2813
2673,2837,2811
2673,2849,2875
2794,2717,2863
1333,220
2673,2883,2677
2688,2837,2794
2673,2233
2224,2801
1333,2794,2813
@dps-end:
@rep:9
@time:3.162
@trys:261733
@seed:108626351
@dps-begin:
2673,2875,2813
2673,2837,2811
2794,2717,2863
1333,220
2673,2883,2677
2674,2794,2701
2673,2698,2813
2674,2883,2875
4176,2864
2673,2701,2879
@dps-end:
@rep:10
@time:3.282
@trys:273354
@seed:107980007
@dps-begin:
2673,2875,2813
2673,2837,2879
2801,2794,2717
2673,2801,2875
2837,2794,2685
1333,220
2673,2883,2677
2673,2698,2813
2849,2674,2875
2849,2875,2685
@dps-end:
@rep:11
@time:3.084
@trys:261778
@seed:106368047
@dps-begin:
2673,2875,2813
2682,2715,2875
2673,2837,2879
2801,2794,2717
2837,2794,2685
2673,2813,2717
2673,2883,2677
2674,2837,2794
2673,2677,2678,2813
1457,2801,2794
@dps-end:
@rep:12
@time:3.013
@trys:244351
@seed:99187427
@dps-begin:
2673,2875,2813
2682,2715,2875
2673,2837,2811
2801,2794,2717
2673,2883,2875
2673,2883,2677
2837,2694,2794
2673,2233
1333,2794,2863
2224,2801
@dps-end:
@rep:13
@time:3.593
@trys:308308
@seed:98976029
@dps-begin:
2673,2875,2813
2682,2715,2875
2673,2837,2811
2801,2794,2717
2837,2794,2685
2673,2883,2677
2673,2677,2879
2710,2811,2829
2674,2837,2794
2674,2883,2875
@dps-end:
@rep:14
@time:3.086
@trys:261757
@seed:97875523
@dps-begin:
2673,2875,2813
2682,2715,2875
2673,2837,2879
2801,2673,2875
2794,2717,2863
2673,2883,2677
2710,2811,2829
2673,2698,2813
2688,2837,2794
2787,2778,2717
@dps-end:
@rep:15
@time:3.462
@trys:279208
@seed:96763291
@dps-begin:
2673,2875,2813
2682,2715,2875
2673,2837,2811
2801,2794,2717
1333,220
2673,2717,2813
2673,2883,2677
2674,2794,2701
2688,2837,2794
2674,2883,2875
@dps-end:
@rep:16
@time:3.732
@trys:308285
@seed:95808337
@dps-begin:
2673,2875,2813
2673,2837,2811
2801,2794,2717
2837,2794,2685
2674,2697,2682,2875
2673,2883,2677
2673,2698,2813
1457,2801,2794
2674,2837,2794
2673,2677,2678,2813
@dps-end:
@rep:17
@time:2.979
@trys:255977
@seed:94847387
@dps-begin:
2673,2875,2813
2673,2837,2879
2801,2794,2717
2674,2875,2715
2673,2883,2677
2674,2805,2875
2837,2694,2794
2674,2794,2701
4176,2863
2673,2233
@dps-end:
@rep:18
@time:4.503
@trys:377993
@seed:87552823
@dps-begin:
2849,2837,2838,2829
2673,2875,2813
2673,2837,2811
2674,2875,2715
2794,2717,2863
2673,2875,2811
2673,2883,2677
2824,2794,2717
2674,2837,2794
2801,2875,2717
@dps-end:
@rep:19
@time:3.168
@trys:261733
@seed:86842271
@dps-begin:
2673,2875,2813
2682,2875,2715
2673,2837,2811
2794,2717,2863
1333,220
2673,2883,2677
2673,2875,2879
2801,2875,2717
2710,2811,2829
2674,2837,2794
@dps-end:
@rep:20
@time:3.52
@trys:296592
@seed:80650457
@dps-begin:
2673,2875,2813
2673,2837,2811
2801,2794,2717
2674,2875,2715
2673,2883,2677
2674,2837,2794
2673,2698,2813
2673,2811,2717
4176,2863
2673,2233
@dps-end:
@rep:21
@time:3.21
@trys:273328
@seed:78220001
@dps-begin:
2673,2875,2813
2673,2837,2811
2794,2717,2863
2674,2875,2715
1333,220
2673,2698,2813
2674,2837,2794
2224,2801
4176,2863
2768,2717,2863
@dps-end:
@rep:22
@time:3.495
@trys:290790
@seed:74585729
@dps-begin:
2673,2875,2813
2673,2787,2837
2794,2717,2863
2837,2794,2685
1333,220
2673,2883,2677
2710,2811,2829
2673,2677,2879
2875,1467,2829
4176,2863
@dps-end:
@rep:23
@time:3.92
@trys:325723
@seed:73852469
@dps-begin:
2673,2875,2813
2682,2715,2875
2673,2837,2879
2832,2794,2717
2673,2883,2677
2832,2801,2794,1467
2674,2837,2794
2674,2883,2875
2673,2677,2794
2224,2801
@dps-end:
@rep:24
@time:3.209
@trys:255945
@seed:68750849
@dps-begin:
2673,2875,2813
2673,2837,2879
2801,2794,2717
2674,2715,2875
1333,220
2673,2883,2677
2710,2811,2829
2849,2674,2875
2837,2694,2794
2673,2781,2813,2829
@dps-end:
@rep:25
@time:3.034
@trys:267519
@seed:58160551
@dps-begin:
2673,2875,2813
2673,2837,2811
2674,2875,2715
2801,2794,2717
2673,2883,2677
2674,2837,2794
2673,2907
2224,2801
2673,2883,2781
2673,2233
@dps-end:
@rep:26
@time:3.013
@trys:255890
@seed:45320477
@dps-begin:
2673,2875,2813
2682,2875,2715
2673,2837,2811
2794,2717,2863
2837,2794,2685
1333,220
2673,2883,2677
1457,2801,2794
2673,2883,2701
2674,2837,2794
@dps-end:
@rep:27
@time:3.056
@trys:250096
@seed:31913771
@dps-begin:
2673,2875,2813
2682,2715,2875
2673,2837,2811
2837,2794,2685
2832,2794,2717
4593,2673,4590
1333,220
2710,2811,2829
2674,2837,2794
2673,2883,2701
@dps-end:
@rep:28
@time:2.953
@trys:250127
@seed:24096223
@dps-begin:
2673,2875,2813
2682,2875,2715
2673,2837,2879
2801,2794,2717
1333,220
2673,2883,2677
2674,2883,2875
2674,2837,2794
2673,2233
2673,2907
@dps-end:
@rep:29
@time:2.975
@trys:261782
@seed:16980937
@dps-begin:
2673,2875,2813
2682,2875,2715
2673,2837,2879
2794,2717,2863
2837,2794,2685
1333,220
2673,2883,2701
2801,1457,2794
2674,2883,2875
2849,2875,2685
@dps-end:
@rep:30
@time:3.443
@trys:279187
@seed:8261369
@dps-begin:
2673,2875,2813
2673,2837,2811
2837,2794,2685
2673,2682,2875
2801,2794,2717
2673,2813,2717
2673,2883,2677
2674,2837,2794
1457,2801,2794
2673,2233
@dps-end:
