@rep:1
@time:171.589
@trys:9503681
@seed:179424673
@dps-begin:
77521,74597,68791,70374,77147
24624,68677,70374,77147
21218,82853,68791,60567
20339,99926,64073
50673,70418,21909,5486
48096,2192,26929,74750
68677,45349,60567,77147
26929,59383,78956
39078,26823,64073,58459,56204
46705,70418,21167
@dps-end:
@rep:2
@time:157.931
@trys:7974426
@seed:125164703
@dps-begin:
69249,68791,70374,77147,55516
22242,68677,77147,26110
59383,76061,26110,46574
70418,68791,27165,73598
26752,68947,20339,26110
42080,48096,38144,24802,99926
2192,26929,71826,64073
48096,71826,56820,39051
79969,22224,56204,45917
82853,20965,68791,72716
@dps-end:
@rep:3
@time:152.728
@trys:7537570
@seed:132011827
@dps-begin:
77521,68791,70374,77147,55516
22242,68677,77147,26110
76272,68791,37767,26110
68947,20339,48204,26110
2192,26929,71826,64073
26929,65459,78838
21218,44643,56204,26110
77521,48214,28377
24608,26706,39078
56439,64638,26110
@dps-end:
@rep:4
@time:161.813
@trys:7537640
@seed:124987441
@dps-begin:
69249,68791,20615,70374,77147
72064,71826,34310,20615,72716,26110
21218,82853,68791,60567
68947,26633,5486,26110
56864,22242,70374,77147
2192,48096,26929,74750
20339,39642,22204
82853,4325,68791,60567
2192,79969,26929
58114,20339,99926
@dps-end:
@rep:5
@time:169.656
@trys:8520656
@seed:123979721
@dps-begin:
77521,68791,20615,70374,77147
22242,68677,77147,26110
82853,60549,68791,60567
26929,82853,68791
68947,20339,48204,26110
44000,20339,99926
25744,85595,56204
68947,20339,28377,27165
79969,108466,109095,67244
54145,64713,56204,71308
@dps-end:
@rep:6
@time:175.218
@trys:8411456
@seed:119777719
@dps-begin:
69249,68791,70374,77147,55516
22242,68677,77147,26110
2192,26929,20339
72064,60567,22076,72716,5486
2192,26929,68791,28377
65168,45349,2888,56204
20339,29893,70374,99926
20561,71826,48214,56204
108466,45349,68791,41257,28751
29584,64638,55807
@dps-end:
@rep:7
@time:145.69
@trys:7865161
@seed:117705823
@dps-begin:
77521,22242,68791,56204,26110
2192,26929,68791
24802,20339,25862,39895,56204
44000,20339,99926
26929,65459,78838
65459,47475,108466,28377
82853,20965,68791,72716
26706,62018,24802,59383
2192,26929,39078,26823
37767,48204,26110
@dps-end:
@rep:8
@time:130.237
@trys:7428215
@seed:112131119
@dps-begin:
77521,68791,33818,56204,26110
22242,68677,77147,26110
26929,82853,68791
79969,71826,46574,26110
25744,71826,39051,56204
26706,27221,39078
62018,21218,20339,99926
26929,82853,39078
29584,64638,55807
38631,73160,26110,28751
@dps-end:
@rep:9
@time:138.024
@trys:9503701
@seed:108626351
@dps-begin:
2192,26929,68791
22242,68677,77147,26110
80001,65459,20339,26110
82853,68791,60567,41950
65168,108742,56204,73598
20292,48214,28377
24802,20339,99926,62093
20965,48204,72716
21218,105042,20615,24748
20339,77147,24623,38847
@dps-end:
@rep:10
@time:121.795
@trys:8192829
@seed:107980007
@dps-begin:
77521,74597,68791,70374,77147
68677,70374,64073,77147
65459,68791,26823,64763,55516,26110
42576,21218,82853,68791,60567
65459,49095,64713,28377
2192,26929,71826,64073
20339,39642,22204
29584,75986,22597,55516,26110
26706,68791,60567,43208
52387,70418,20339,106518,20615
@dps-end:
@rep:11
@time:154.397
@trys:7974478
@seed:106368047
@dps-begin:
77521,68791,70374,20615,77147
22242,68677,77147,26110
2192,26929,20339
82853,68791,60567,72716
77147,55516,22206,21167
72064,44298,19870
69317,48214,70374,5486,23646
26929,65459,78838
22242,42217,77147,102063
74129,43251,70418,42347
@dps-end:
@rep:12
@time:161.113
@trys:9176114
@seed:99187427
@dps-begin:
2192,26929,68791
22242,68677,77147,26110
20339,40153,56204,23646,26110
69249,68791,60567,99926
22224,70374,64073,37754,77147
26706,24802,62018,5486
22242,68677,48214,26110
72064,99926,38631,26110
20339,21001,26110
22689,68791,70374,77147,48204
@dps-end:
@rep:13
@time:169.875
@trys:9066870
@seed:98976029
@dps-begin:
77521,68791,20615,70374,77147
22242,68677,77147,26110
22242,68677,60567,77147
30449,71826,42347,26110
65168,20197,56204,73598
77521,48214,28377
82853,68791,37767,26110
79969,2192,26929
26929,20615,24748
56439,26110,64638
@dps-end:
@rep:14
@time:192.839
@trys:11360569
@seed:97875523
@dps-begin:
2192,26929,68791
22242,68677,77147,26110
65168,44195,47475,56204
68947,20339,48204,26110
20292,48214,28377
20339,29893,99926,28653
68791,37767,55516,26110,41950
26929,5004,5486
37767,48204,26110
2192,59383,26110,21471
@dps-end:
@rep:15
@time:169.24
@trys:9503680
@seed:96763291
@dps-begin:
2192,26929,68791
22242,68677,77147,26110
21218,82853,68791,60567
76272,20339,26110,55135
48096,26929,24748
82853,68791,26110,23646
65168,5486,28751
99926,38631,27929,26110
68677,60567,65592,72716
68791,70633,83288,77147,41982
@dps-end:
@rep:16
@time:149.533
@trys:7428150
@seed:95808337
@dps-begin:
77521,22242,68791,56204,26110
22242,56204,75967,26110
2192,26929,36884
77521,24960,21218,68791,39642
26929,59383,78956
25744,21218,62021,21941,56204
24802,38631,70374,66313
21218,105042,39651,24748
26929,99926,5486
26929,39078,71512
@dps-end:
@rep:17
@time:153.877
@trys:7537326
@seed:94847387
@dps-begin:
77521,22242,68791,56204,26110
22242,56204,32269,26110
48096,26706,71826,60567
68947,20339,48204,26110
20339,99926,64073
2192,26929,36884
82853,20965,68791,72716
20339,29893,77147,20735
26929,59383,78956
35250,20339,30038
@dps-end:
@rep:18
@time:193.676
@trys:11251393
@seed:87552823
@dps-begin:
69249,74597,68791,70374,77147
22242,68677,77147,26110
65168,20339,56204,23646,75967
30449,71826,39051,26110
26929,59383,78956
36210,20339,99926
25744,20339,74677
29584,24802,26706,62021
26929,27929,24748
76931,71826,26823,77147
@dps-end:
@rep:19
@time:174.156
@trys:8957600
@seed:86842271
@dps-begin:
77521,68791,70374,20615,77147
22242,68677,77147,26110
21218,54635,56204,75967
68947,20339,26110,19870
68791,37767,3659,26110
2192,26929,71826,64073
26929,59383,78956
26706,27221,39078
82853,62021,60567,5486
38631,99926,27929,26110
@dps-end:
@rep:20
@time:153.074
@trys:7646773
@seed:80650457
@dps-begin:
69249,68791,70374,77147,55516
22242,68677,77147,26110
48096,82853,20965,68791
42576,20339,26110,55135
48096,2192,26929,71826,3659
29584,23168,92688,56204,26110
22816,24802,68947,70374,45609
71826,38340,44073,77147
70418,44073,56667
26706,47475,68791,60567,42746
@dps-end:
@rep:21
@time:154.483
@trys:7537390
@seed:78220001
@dps-begin:
77521,22242,68791,56204,26110
22242,68677,77147,26110
71826,30038,70374,39642
70418,34534,69030,42347
20339,99926,64073
2192,26929,36884
77521,48214,28377
26929,59383,78956
37767,48204,26110
62018,29206,59383,26110
@dps-end:
@rep:22
@time:171.003
@trys:8739226
@seed:74585729
@dps-begin:
77521,68791,70374,20615,77147
22242,68677,77147,26110
30449,71826,36408,26110
26706,24802,71826,62021
21906,42485,56204,75967
26752,68947,20339,26110
26929,59383,78956
2192,26929,27221,39078
70418,59383,73160
48096,79969,72064,26706,24802
@dps-end:
@rep:23
@time:152.518
@trys:7537610
@seed:73852469
@dps-begin:
77521,22242,68791,56204,26110
22242,68677,77147,26110
72064,71826,55516,72716,26110
48096,54635,56204,35725
2192,26929,36884
55953,82853,68677,26110
79969,47475,71826,70418
26929,65459,78838
37767,48204,26110
69218,68677,77147,54764,55516
@dps-end:
@rep:24
@time:121.388
@trys:8957498
@seed:68750849
@dps-begin:
69249,68791,20615,70374,77147
22242,68677,70374,77147
2192,26929,39078
65168,181,42347,56204
20292,48214,28377
20965,39078,64073,77147
2192,26929,36210,20339
26929,39078,71512
26929,99926,5486
65168,72716,76254
@dps-end:
@rep:25
@time:96.241
@trys:7537504
@seed:58160551
@dps-begin:
77521,22242,68791,56204,26110
71826,70374,77147,46093
21218,82853,68791,60567
21218,33222,56204,75967,26110
48096,71826,99926,70374
26929,56820,68791
2192,26929,47475,69508
20339,21001,26110
44000,20339,68791,70374,39642
26929,39078,71512
@dps-end:
@rep:26
@time:92.368
@trys:7209992
@seed:45320477
@dps-begin:
77521,22242,68791,56204,26110
71826,70374,77147,46093
71826,99926,82442,26110
65168,68947,20339,42347
2192,26929,27491,68791
82853,68791,37767,26110
20339,77065,77147,19870
48096,26929,24748
28377,77147,75789
65168,181,33818,56204,22206
@dps-end:
@rep:27
@time:100.739
@trys:7865264
@seed:31913771
@dps-begin:
77521,68791,70374,77147,55516
22242,68677,77147,26110
72064,60567,72716,5486
2192,26929,38631,20119
20965,68791,64073,21468
26929,65459,78838
48096,20339,48214,84422
22689,22597,60567,55516
355,99926,5486
38631,99926,108972
@dps-end:
@rep:28
@time:103.671
@trys:7974510
@seed:24096223
@dps-begin:
77521,22242,68791,56204,26110
22242,68677,77147,26110
68677,70374,64073,77147
21218,82853,68791,60567,5486
26929,56820,68791
29584,71826,48214,26110
26929,72064,65459,29893,59383
26706,68791,70374,77147
24802,21218,20339,45045,54502,67244
42080,96194,68791,3659
@dps-end:
@rep:29
@time:111.136
@trys:9503729
@seed:16980937
@dps-begin:
2192,26929,68791
22242,68677,77147,26110
48096,26706,71826,60567
65168,20561,20339,55135
71826,99926,43517,26110
46705,20339,39642,43517
65168,5486,28751
30592,26929,70418
37767,48204,26110
108466,69508,46093,77758
@dps-end:
@rep:30
@time:108.496
@trys:8957486
@seed:8261369
@dps-begin:
77521,68791,70374,77147,55516
22242,69508,77147,3659
2192,27221,39078,26110
26929,20615,24748
2192,68791,31114,26110
26929,22597,39078,102955
56439,77097,64638,55807
71826,55653,99926
53474,20339,54362,55135
26706,45349,68791,64713
@dps-end:
