@rep:1
@time:23.976
@trys:1510804
@seed:179424673
@dps-begin:
19137,18556
9014,18185
3569,35694
36957,9503
4593,10445
9014,4958
32998,27085
18556,21342
10512,9503
10453,27085
@dps-end:
@rep:2
@time:23.372
@trys:1510773
@seed:125164703
@dps-begin:
19137,18556
9014,35897
19137,477
3569,35694
9014,18556
36050,26858
8068,34255
32998,27085
10512,9503
37637,9014
@dps-end:
@rep:3
@time:21.654
@trys:1377520
@seed:132011827
@dps-begin:
19137,18556
9014,18185
3569,35694
21874,20390
10453,27085
20390,26024
10300,30479
6979,32998
36679,26589
18556,21342
@dps-end:
@rep:4
@time:22.835
@trys:1466362
@seed:124987441
@dps-begin:
19137,18556
9014,18185
3569,35694
9014,4958
32998,27085
18556,21342
17367,6183
27637,8221
36679,26589
6979,10453
@dps-end:
@rep:5
@time:23.0
@trys:1510779
@seed:123979721
@dps-begin:
19137,18556
9014,35897
21874,20390
10453,27085
30479,34255
9014,18556
20390,26024
6979,32998
26858,4795
10512,9503
@dps-end:
@rep:6
@time:23.0
@trys:1466349
@seed:119777719
@dps-begin:
19137,18556
9014,35897
3569,35694
6183,17367
9014,4958
36957,9503
32998,27085
10453,27085
37637,9014
18556,21342
@dps-end:
@rep:7
@time:23.273
@trys:1510817
@seed:117705823
@dps-begin:
19137,18556
3569,35694
9014,18185
32998,27085
10512,9503
18556,21342
8068,34255
37637,9014
20390,26024
10300,30479
@dps-end:
@rep:8
@time:22.937
@trys:1466367
@seed:112131119
@dps-begin:
19137,18556
9014,18185
3569,35694
10512,9503
20390,26024
6979,32998
36957,9503
18556,21342
36679,26589
34255,30479
@dps-end:
@rep:9
@time:22.1
@trys:1421929
@seed:108626351
@dps-begin:
19137,18556
9014,18185
18556,21342
36679,26589
10512,9503
6979,32998
8068,34255
10453,27085
26858,4795
10300,30479
@dps-end:
@rep:10
@time:23.258
@trys:1510757
@seed:107980007
@dps-begin:
19137,18556
3569,35694
9014,35897
32998,27085
36957,9503
21874,20390
9014,18556
6979,10453
9014,4958
18556,21342
@dps-end:
@rep:11
@time:24.896
@trys:1644071
@seed:106368047
@dps-begin:
19137,18556
9014,18185
3569,35694
6979,32998
20390,26024
18556,21342
2645,9995
21874,20390
23760,19137
10300,30479
@dps-end:
@rep:12
@time:22.455
@trys:1421929
@seed:99187427
@dps-begin:
19137,18556
9014,18185
3569,35694
6979,32998
21874,20390
36957,9503
20390,26024
36679,26589
34255,30479
2645,9995
@dps-end:
@rep:13
@time:22.949
@trys:1510769
@seed:98976029
@dps-begin:
19137,18556
3569,35694
9014,35897
6979,32998
4593,10445
37637,9014
10512,9503
36957,9503
8068,34255
20390,26024
@dps-end:
@rep:14
@time:24.05
@trys:1555217
@seed:97875523
@dps-begin:
19137,18556
9014,35897
32998,27085
37637,9014
2645,9995
9014,18556
36957,9503
10300,30479
26858,4795
6979,10453
@dps-end:
@rep:15
@time:23.222
@trys:1510795
@seed:96763291
@dps-begin:
19137,18556
9014,35897
3569,35694
9014,4958
6979,10453
6979,32998
9014,18556
20390,26024
36679,26589
26858,4795
@dps-end:
@rep:16
@time:23.059
@trys:1466363
@seed:95808337
@dps-begin:
19137,18556
9014,35897
3569,35694
9014,4958
9014,18556
37637,9014
10453,27085
26858,4795
32998,27085
20390,26024
@dps-end:
@rep:17
@time:22.937
@trys:1466364
@seed:94847387
@dps-begin:
19137,18556
9014,18185
32998,27085
36679,26589
10453,27085
37637,9014
9014,4958
10300,30479
18556,21342
26858,4795
@dps-end:
@rep:18
@time:24.052
@trys:1510804
@seed:87552823
@dps-begin:
19137,18556
9014,18185
3569,35694
21874,20390
6979,10453
32998,27085
20390,26024
36957,9503
27637,8221
26858,4795
@dps-end:
@rep:19
@time:23.432
@trys:1466346
@seed:86842271
@dps-begin:
19137,18556
9014,18185
10300,30479
6183,17367
6979,32998
21874,20390
36957,9503
20390,26024
6979,10453
36679,26589
@dps-end:
@rep:20
@time:24.82
@trys:1599632
@seed:80650457
@dps-begin:
19137,18556
3569,35694
9014,18185
6979,32998
6979,10453
37637,9014
9014,4958
17367,6183
21874,20390
20390,26024
@dps-end:
@rep:21
@time:23.034
@trys:1466349
@seed:78220001
@dps-begin:
19137,18556
9014,35897
3569,35694
36957,9503
37637,9014
9014,4958
36679,26589
6979,32998
20390,26024
9014,18556
@dps-end:
@rep:22
@time:23.925
@trys:1555213
@seed:74585729
@dps-begin:
19137,18556
9014,35897
3569,35694
21874,20390
10300,30479
32998,27085
6979,10453
2645,9995
17367,6183
36679,26589
@dps-end:
@rep:23
@time:24.086
@trys:1555192
@seed:73852469
@dps-begin:
19137,18556
9014,35897
3569,35694
37637,9014
10453,27085
8068,34255
10300,30479
6979,32998
18556,21342
9014,18556
@dps-end:
@rep:24
@time:22.329
@trys:1377488
@seed:68750849
@dps-begin:
19137,18556
9014,35897
32998,27085
37637,9014
9014,18556
6979,10453
20390,26024
21874,20390
10300,30479
17367,6183
@dps-end:
@rep:25
@time:23.516
@trys:1555174
@seed:58160551
@dps-begin:
19137,18556
9014,35897
37637,9014
32998,27085
6979,10453
34255,30479
9014,18556
36679,26589
9014,4958
23760,19137
@dps-end:
@rep:26
@time:24.186
@trys:1599643
@seed:45320477
@dps-begin:
19137,18556
9014,18185
3569,35694
36679,26589
6979,32998
36957,9503
6979,10453
20390,26024
27637,8221
10512,9503
@dps-end:
@rep:27
@time:22.304
@trys:1421917
@seed:31913771
@dps-begin:
19137,18556
9014,35897
3569,35694
27637,8221
32998,27085
9014,18556
37637,9014
8068,34255
20390,26024
10453,27085
@dps-end:
@rep:28
@time:22.84
@trys:1466378
@seed:24096223
@dps-begin:
19137,18556
19137,477
9014,18185
3569,35694
9014,4958
2645,9995
6979,32998
20390,26024
6183,17367
36957,9503
@dps-end:
@rep:29
@time:23.262
@trys:1510760
@seed:16980937
@dps-begin:
19137,18556
9014,18185
3569,35694
10512,9503
36957,9503
2645,9995
30479,34255
10300,30479
9014,4958
6979,32998
@dps-end:
@rep:30
@time:23.996
@trys:1555221
@seed:8261369
@dps-begin:
19137,18556
9014,35897
3569,35694
10300,30479
6979,32998
2645,9995
9014,4958
10453,27085
20390,26024
36957,9503
@dps-end:
