@rep:1
@time:1.649
@trys:116266
@seed:179424673
@dps-begin:
811,2735
1344,471
1254,2615,40
1028,1839
97,118
1344,1733
945,1911
1505,2148
615,1709
1254,1483
@dps-end:
@rep:2
@time:1.635
@trys:127587
@seed:125164703
@dps-begin:
811,2735
993,2735
1765,2255
144,118,40
484,2553
248,40
1271,811
593,188
2048,1911
2183,471
@dps-end:
@rep:3
@time:1.441
@trys:121960
@seed:132011827
@dps-begin:
811,2735
1685,1514
593,1347
390,1183
1765,2472
1073,1028
2615,682
484,1175
144,682
484,1694
@dps-end:
@rep:4
@time:1.483
@trys:130496
@seed:124987441
@dps-begin:
811,732
1985,681
1505,1154
1765,1573
1543,40
1505,1715
1347,1254,40
1254,1483
893,2735
1347,1911,40
@dps-end:
@rep:5
@time:1.572
@trys:133311
@seed:123979721
@dps-begin:
811,732
144,72
2099,40
484,278
1505,1547
1073,1028
1985,788,684
1347,844
2675,1347
1028,893
@dps-end:
@rep:6
@time:1.69
@trys:130395
@seed:119777719
@dps-begin:
811,732
593,484
1251,1028
1073,390
1505,2358
993,1894
1505,2065
2048,1028
893,2735
1505,885
@dps-end:
@rep:7
@time:1.666
@trys:124739
@seed:117705823
@dps-begin:
811,732
1251,1028
1765,1573
1028,1839
1347,1254,40
562,40,2735
893,2735
1254,1483
1028,72
471,1358
@dps-end:
@rep:8
@time:1.682
@trys:136152
@seed:112131119
@dps-begin:
811,732
593,484
1573,1765
1505,1543
390,1739,2735
993,562
1505,885
390,1483
1585,40
993,2553
@dps-end:
@rep:9
@time:1.732
@trys:130340
@seed:108626351
@dps-begin:
811,732
2099,40
1765,1573
811,2430
1505,1629
1028,1839
1347,1531
993,2412
1028,893
144,1985
@dps-end:
@rep:10
@time:1.803
@trys:138989
@seed:107980007
@dps-begin:
811,732
1254,72
482,1797
1028,262,40
1765,1573
1505,1629
40,682
390,2735,1183
2148,1514
218,811
@dps-end:
@rep:11
@time:1.507
@trys:133390
@seed:106368047
@dps-begin:
811,732
1909,811
2099,40
2225,1505
1028,1839
1505,2358
593,993
1505,1543
144,1251
2048,1028
@dps-end:
@rep:12
@time:1.671
@trys:136070
@seed:99187427
@dps-begin:
811,2735
1028,1183
1344,471
593,1685,471
615,764
2675,1347
1665,1254
1505,2148
2658,1347
1505,408
@dps-end:
@rep:13
@time:1.583
@trys:133216
@seed:98976029
@dps-begin:
811,2735
40,1514,188
945,1347
2008,2735
1765,118
211,235
1985,1685
1254,2430
2675,1347
1028,72
@dps-end:
@rep:14
@time:1.192
@trys:96447
@seed:97875523
@dps-begin:
811,2735
471,2216
2472,732
2008,2735
1073,2735
2065,1347
597,811
811,893
1505,2119
811,332
@dps-end:
@rep:15
@time:1.56
@trys:124764
@seed:96763291
@dps-begin:
811,732
593,484
1251,1028
1073,390
1347,2087
408,732
893,2735
2048,1028
1344,684
1347,2412
@dps-end:
@rep:16
@time:1.593
@trys:130375
@seed:95808337
@dps-begin:
811,2735
283,811
593,1347
1685,1254,40
2183,811
146,1765
1254,1483
98,732
211,1797
2675,811
@dps-end:
@rep:17
@time:1.659
@trys:138927
@seed:94847387
@dps-begin:
811,732
1505,2225
2099,40
1505,1543
1347,2040
1028,484,1685
2256,1251,2735
893,2735
2675,1347
1419,2735
@dps-end:
@rep:18
@time:1.712
@trys:141717
@seed:87552823
@dps-begin:
811,732
1347,1765
2393,811
593,484
2048,811
1251,1028
1505,2358
656,732
1028,893
1505,2148
@dps-end:
@rep:19
@time:1.545
@trys:121952
@seed:86842271
@dps-begin:
811,732
1733,118
2735,1839
993,233
1347,262
1073,390
1505,2065
1585,471
1505,2099,1028
893,2735
@dps-end:
@rep:20
@time:1.635
@trys:124796
@seed:80650457
@dps-begin:
811,2735
593,732
1347,118,40
2048,811
993,233
484,1162
1028,1839
1344,1685
471,2183
913,811
@dps-end:
@rep:21
@time:1.661
@trys:124777
@seed:78220001
@dps-begin:
811,2735
1344,811
211,732
615,764
681,682
1347,262
593,1765
408,732
1254,1483
1573,188
@dps-end:
@rep:22
@time:1.477
@trys:110665
@seed:74585729
@dps-begin:
811,732
593,484
1765,684
1505,1154
2099,40
2256,1683,471
1505,1254,2822
1073,1028
993,1183
1347,2675
@dps-end:
@rep:23
@time:1.682
@trys:138980
@seed:73852469
@dps-begin:
811,2735
1344,471
40,1514,188
1461,811
1505,2101
2048,1911
2675,1347
1751,40
484,311
211,1797
@dps-end:
@rep:24
@time:1.615
@trys:133354
@seed:68750849
@dps-begin:
811,2735
283,811
1344,471
144,471,235
993,118,615
1751,40
1254,1483
993,2535
471,798
913,811
@dps-end:
@rep:25
@time:1.683
@trys:138961
@seed:58160551
@dps-begin:
811,2735
1765,1254
2393,811
615,764
1347,262
211,235
40,2412
1347,1733,1911
1955,484
1911,40,1503
@dps-end:
@rep:26
@time:1.496
@trys:124835
@seed:45320477
@dps-begin:
811,2735
2256,993
1839,2735
1344,471
1028,1254,764
1028,893
1955,484
118,72
278,732,1503
1505,408
@dps-end:
@rep:27
@time:1.406
@trys:119252
@seed:31913771
@dps-begin:
811,2735
484,390
1765,2735
1347,118,40
2048,811
1028,1839
211,235
1505,211,1028
993,2412
593,188
@dps-end:
@rep:28
@time:1.332
@trys:105071
@seed:24096223
@dps-begin:
811,732
144,278
1254,682
593,1347
993,233
2008,2735
2099,40
1073,390
1505,2099,1028
484,2629
@dps-end:
@rep:29
@time:1.647
@trys:136061
@seed:16980937
@dps-begin:
811,732
1251,1028
1505,1630
1543,40
1028,893
615,1709
737,40
1505,1681
2048,1685
144,1985
@dps-end:
@rep:30
@time:1.527
@trys:130434
@seed:8261369
@dps-begin:
811,732
2393,811
593,1347
144,484
1251,1028
1505,1630
1073,2735
144,211
1505,2065
1505,2101
@dps-end:
