@rep:1
@time:13.184
@trys:1111580
@seed:179424673
@dps-begin:
16562,11335,15707,24637
11335,15707,16828
18176,24275,22403,645,11436
13109,7446,23850,17466
18835,14921,699
5509,17301,7446,11335,14007,699,15967
277,5497,1053,15967
13024,23098,15594,15967
12596,14824,11438,15967
22403,24275,9625,15197
@dps-end:
@rep:2
@time:12.608
@trys:1111359
@seed:125164703
@dps-begin:
16562,11335,23194,15707
14688,1316,11436,2157
19330,7446,4362
4362,699,14429,15967
22613,14007,17690
16562,17317,5497,6892,1053
2160,19941,23098,18316
17253,11335,13497,699
2160,12131,21368,4362,6669
8634,23850,699,24637,190
@dps-end:
@rep:3
@time:12.6
@trys:1111413
@seed:132011827
@dps-begin:
11335,10824,23194,15967
23315,1125,17301,15967
22613,17317,17494,15967
2160,13402,4876,11436
11335,17690,7916,6557,15967
17317,15594,10906,6892,12669
16562,11586,4332
18443,11436,3756
19157,645,11436,4511
18835,10824,15707,22862,15967
@dps-end:
@rep:4
@time:12.872
@trys:1111431
@seed:124987441
@dps-begin:
16562,11335,15707,24637
22403,23846,17466,4511
8464,14696,18282,17466
11571,169,15967,4511
18496,16562,17317
20737,1780,15125
22403,22613,9625,18443
11436,11628,1053
18836,11436,1053
19687,11335,19832,1053,15967
@dps-end:
@rep:5
@time:12.499
@trys:1060879
@seed:123979721
@dps-begin:
16562,11335,23194,15707
24275,8634,11436
14100,23194,12061
13109,4362,17466
2177,10824,8443,11436
8464,1091,22403,17317,11436
8464,19832,13402,23531,15967
22613,14791,15967
24560,24275,11335,11438
18176,7446,10808
@dps-end:
@rep:6
@time:12.946
@trys:1111315
@seed:119777719
@dps-begin:
16562,11335,15707,24637
16562,23194,21085,24637
6832,22403,9625
24762,11436,1053
22403,8634,23098
16403,23194,18443,1053
17253,11335,1053,4511
1042,12131,14696,190,21182
2160,836,5497
13892,11335,169,15934
@dps-end:
@rep:7
@time:13.068
@trys:1136729
@seed:117705823
@dps-begin:
16562,11335,169,15707
2177,16562,11436,6380
16562,17494,16665
24275,17317,17017
721,4876,6669
18316,15967,20751
12596,21368,11436,190
16562,23846,21182,8527
14100,277,12669,1053
18836,11436,1053
@dps-end:
@rep:8
@time:12.616
@trys:1111436
@seed:112131119
@dps-begin:
16562,11335,23194,15707
14696,23098,5547
8464,20737,16562,23896
20737,1780,15125
24275,645,7446,12061
8464,12596,14696,3756
15481,11436,20751
14688,7446,15288,24637
15125,19687,11335,15707
24949,7446,1053,15967
@dps-end:
@rep:9
@time:13.572
@trys:1136773
@seed:108626351
@dps-begin:
11335,10824,23194,15967
97,16562,4332,6669
24275,23846,19832
12596,8443,11436,4845
13109,17466,11436,4332
14688,17317,11335,18316,1053
2160,13173,9512,5497
20737,18835,14007
20737,15125,4876,6557,6669
645,729,11436,1053
@dps-end:
@rep:10
@time:12.508
@trys:1086114
@seed:107980007
@dps-begin:
16562,11335,23194,15967
16562,22403,17317,14007
23194,23531,17980,15967
5366,11335,1850,10906
721,11335,1450,10906
2160,18835,17466,8527
20737,11335,15707,6557,190,22862
2160,807,11436
16562,13173,14696,13773,15967
21570,16562,14696
@dps-end:
@rep:11
@time:12.982
@trys:1086238
@seed:106368047
@dps-begin:
16562,23194,15707,15967
721,11794,1053,15967
24453,11335,11436,24637
15986,11335,5497,6557
23315,17253,17317,7446
2160,24986,11438
18835,23098,21693
17317,15125,645,12669,24637,190
169,23098,23531,190,15967
12358,7446,14007
@dps-end:
@rep:12
@time:13.562
@trys:1212475
@seed:99187427
@dps-begin:
16562,11335,169,15707
169,18316,4845
18176,22403,17466
2160,24337,14696,169
1316,11335,15707,7644
22403,11335,19839
5509,17301,17494,14696
14007,24637,11438
11794,22403,1125,1053
22403,13892,17317,15125,10824
@dps-end:
@rep:13
@time:13.702
@trys:1136733
@seed:98976029
@dps-begin:
16562,10824,23194,15707
22403,13834,1053
14100,645,14007
11794,19832,1053,4511
7446,15080,15707,4511
11335,24637,2303
16562,15269,11335,23098
11335,2200,23098,2079
18176,16562,22403,23194,2157,24637
2177,23860,11436,4332
@dps-end:
@rep:14
@time:12.956
@trys:1086185
@seed:97875523
@dps-begin:
11335,10824,23194,15967
15504,23846,23194,15967
23315,169,15707,13198
8096,15125,12669,6557
22403,15707,21085,1053
15328,17317,11436,6557
11335,23194,21339,22763,11436
24560,5604,13109,7446
18176,12131,13173,2184,6557
12131,13173,8782,15967
@dps-end:
@rep:15
@time:12.932
@trys:1136754
@seed:96763291
@dps-begin:
16562,11335,23194,15967
2160,14453,7446,19832,23194
18835,645,5509
12131,7446,4876,12669,190
14791,1053,15967
17317,10824,699,11743
13024,20737,12131
13173,22613,4845,22975
22403,1780,7446,6892
18176,24275,22403,7446,11436,12669
@dps-end:
@rep:16
@time:13.065
@trys:1136532
@seed:95808337
@dps-begin:
16562,11335,169,15707
20737,11335,169,13129
13825,14007,699
11335,8745,6557,1053
645,9625,18443,190
16562,6968,11436,190
24453,14696,11436,6892
17317,21693,190,2079
16562,22403,18104
1042,11335,15707,6380,21182
@dps-end:
@rep:17
@time:12.833
@trys:1161911
@seed:94847387
@dps-begin:
16562,11335,15707,24637
18835,22403,645,2911
2160,12596,13173,5366,12358
13173,17317,7446,8634
13173,14007,16665
24275,5606,10824,17980,1053
97,24275,23850
14688,20737,5606,5497
2160,18104,15707,6669
23194,3756,11436,2911
@dps-end:
@rep:18
@time:13.613
@trys:1187241
@seed:87552823
@dps-begin:
16562,11335,15707,24637
16562,19687,23194
6832,24275,645,17466
16562,12131,10824,13497,17690
14100,23098,11436,8397
836,13173,23098,1053
13173,14520,169,11436,21182
2160,14100,8443
16562,18836,14696,23098
2160,19699,12596,10906,190
@dps-end:
@rep:19
@time:13.116
@trys:1136660
@seed:86842271
@dps-begin:
11335,10824,23194,15967
24275,12596,7446,8140,11436
12131,18835,23194,2157
21156,699,11436
20737,7446,14429
18176,5509,17466
699,11436,11628
14520,18443,11436,6892,24637
7446,15079,11436,4845
6832,2160,8464,1956,14100
@dps-end:
@rep:20
@time:13.158
@trys:1161993
@seed:80650457
@dps-begin:
16562,11335,169,15707
20737,23860,699,6669
14100,10906,23211,6557
21156,17317,699
20737,4362,12061
15125,22613,2157,1053
24770,23098,4362,6669
16562,2532,15125,19832,23194
14210,16562,11335,4332,8527
17317,17690,8443,11436,12669
@dps-end:
@rep:21
@time:13.612
@trys:1187195
@seed:78220001
@dps-begin:
16562,11335,23194,15707
16409,23850,24637,1053
8464,13109,17466
18835,1316,2157
13402,12061,1053,15967
2160,23098,6011
14100,4487,15481,23098
1091,17301,11335,11436
16177,17466,1053
14696,19832,24762,11436
@dps-end:
@rep:22
@time:12.717
@trys:1086256
@seed:74585729
@dps-begin:
16562,11335,23194,15967
16562,11335,23896,11436,1053
3600,24770,11436,15967
15986,16562,17980,6669
20737,11335,2184,169,17690,699
1780,13173,7446,23850,15967
14453,15125,21693,6557
18176,20751,15967
16403,12131,14007
24275,16363,11436,2911
@dps-end:
@rep:23
@time:12.824
@trys:1111552
@seed:73852469
@dps-begin:
16562,11335,23194,15707
22403,15626,11436
11794,7446,11335,17690,21693
19832,23098,699,4845,6879
5604,18836,699,15707
16562,21156,17317,11335
18835,14007,14696
2160,23315,15288,24637
20737,16562,7446,15079
16562,22403,645,17466,5547,4511
@dps-end:
@rep:24
@time:13.072
@trys:1161840
@seed:68750849
@dps-begin:
16562,11335,23194,15967
13173,11335,24762,699
645,10824,23194,21085
2353,9625,23194,11436,6557
12131,699,16123,1053
18835,15125,18443,11436
2160,7574,169,23194
16562,12131,12581,17690,23098
6560,16562,12131,6557,6669,8527
9625,18316,4845,24637
@dps-end:
@rep:25
@time:12.8
@trys:1111442
@seed:58160551
@dps-begin:
16562,23194,15707,15967
14100,1316,17317,15934
18176,22403,23098,1053
19330,17317,23850,15707
97,22403,4845
5509,13173,14007,11335
15986,14921,24637
22403,14696,4362,11436,9373
16562,22403,1332,4511
22403,2532,14696,15594,190
@dps-end:
@rep:26
@time:13.004
@trys:1161972
@seed:45320477
@dps-begin:
16562,11335,169,15707
16562,645,8745
21156,17317,699
21766,17466,15594
22403,7446,18954
14100,13109,17466
14688,13024,5604,11335,24637
2160,22403,18954
12596,11335,5497,4362,21182
7446,24665,699,2157
@dps-end:
@rep:27
@time:13.201
@trys:1161985
@seed:31913771
@dps-begin:
16562,11335,23194,15967
16562,22403,14007,19832
18835,15707,4332,11438
22613,11335,17690,4876,15967
1780,17317,13109,11335,11436
18176,23098,18443,15967
22403,17301,23531,1053
16562,2967,4362,11436,21182
11436,19583,4511
277,17253,11335,6669
@dps-end:
@rep:28
@time:13.277
@trys:1161952
@seed:24096223
@dps-begin:
16562,11335,23194,15967
17494,5366,6669
7446,14520,4362,699
24770,4487,23098
13109,17494,24637
18176,7446,23098,1053,6669
17317,12358,699,11438
11335,18104,15707
13129,11436,4511
3600,17317,14696,8443
@dps-end:
@rep:29
@time:13.274
@trys:1161851
@seed:16980937
@dps-begin:
16562,11335,169,15707
22763,2623
17466,3756,6557
17253,14007,699,11436
8464,3366,18443,11436
16562,24475,4332,4511
699,6892,12061,6557,4511
20737,24275,23846,4332
20737,17317,11335,13497,1053,6557
2177,22403,18954
@dps-end:
@rep:30
@time:13.272
@trys:1111410
@seed:8261369
@dps-begin:
11335,10824,23194,15967
13892,17317,10824
16562,645,7446,14921,15707,4332
16562,17317,6517,10824,15967
14791,13402,15967
15288,10824,15594,15707,12669
11335,10824,13402,4332,18316,6669
10824,699,11436,24477
1850,23098,6380,12669
11635,17317,17690,12669
@dps-end:
