@rep:1
@time:7.042
@trys:858575
@seed:179424673
@dps-begin:
12066,14971
12066,7940
12066,9818
2243,20918
14185,24303
24889,21278
18410,16895
2243,24889
3824,12066
12066,20283
@dps-end:
@rep:2
@time:7.613
@trys:1010087
@seed:125164703
@dps-begin:
12066,14971
12066,7940
4755,6357
2243,20918
14185,24303
24889,21278
12066,9818
12066,1674
2243,24889
6357,4236
@dps-end:
@rep:3
@time:6.559
@trys:833319
@seed:132011827
@dps-begin:
12066,14971
12066,7940
2243,20918
14185,24303
12066,9818
24889,21278
12066,18871
22552,2111
18410,16895
16835,22552
@dps-end:
@rep:4
@time:7.971
@trys:1035320
@seed:124987441
@dps-begin:
12066,14971
12066,7940
12066,9818
2243,20918
14185,24303
24889,21278
6357,4236
2243,24889
3824,12066
16835,22552
@dps-end:
@rep:5
@time:6.978
@trys:959574
@seed:123979721
@dps-begin:
12066,14971
12066,7940
12066,9818
2243,20918
24889,21278
3824,12066
12066,20283
12066,18871
18410,16895
2243,24889
@dps-end:
@rep:6
@time:6.985
@trys:883829
@seed:119777719
@dps-begin:
12066,14971
12066,7940
4755,6357
2243,20918
14185,24303
12066,9818
24889,21278
6357,20025
22552,2111
2243,24889
@dps-end:
@rep:7
@time:7.198
@trys:909075
@seed:117705823
@dps-begin:
12066,7940
12066,14971
24889,21278
2243,20918
12066,9818
18410,16895
16835,22552
2243,24889
12066,18871
22552,2111
@dps-end:
@rep:8
@time:6.619
@trys:858573
@seed:112131119
@dps-begin:
12066,14971
12066,7940
4755,6357
2243,20918
12066,9818
24889,21278
14185,24303
2243,24889
12066,18871
3824,12066
@dps-end:
@rep:9
@time:6.723
@trys:883814
@seed:108626351
@dps-begin:
12066,7940
12066,14971
2243,20918
12066,9818
14185,24303
24889,21278
22552,2111
2243,24889
6357,20025
3824,12066
@dps-end:
@rep:10
@time:7.287
@trys:934322
@seed:107980007
@dps-begin:
12066,7940
12066,14971
4755,6357
12066,9818
24889,21278
2243,20918
14185,24303
3824,12066
2243,24889
12066,20283
@dps-end:
@rep:11
@time:6.709
@trys:858584
@seed:106368047
@dps-begin:
12066,14971
12066,7940
2243,20918
14185,24303
12066,9818
24889,21278
2243,24889
3824,12066
16835,22552
12066,20283
@dps-end:
@rep:12
@time:6.598
@trys:808081
@seed:99187427
@dps-begin:
12066,14971
12066,7940
4755,6357
2243,20918
12066,9818
14185,24303
24889,21278
18410,16895
3824,12066
6357,4236
@dps-end:
@rep:13
@time:7.397
@trys:934336
@seed:98976029
@dps-begin:
12066,7940
12066,14971
4755,6357
14185,24303
2243,20918
12066,9818
24889,21278
16835,22552
2243,24889
12066,18871
@dps-end:
@rep:14
@time:6.558
@trys:858577
@seed:97875523
@dps-begin:
12066,14971
12066,7940
4755,6357
14185,24303
12066,9818
24889,21278
2243,20918
12066,20283
3824,12066
22552,2111
@dps-end:
@rep:15
@time:6.984
@trys:909079
@seed:96763291
@dps-begin:
12066,14971
12066,7940
12066,9818
14185,24303
2243,20918
24889,21278
16835,22552
18410,16895
12066,18871
2243,24889
@dps-end:
@rep:16
@time:7.179
@trys:934340
@seed:95808337
@dps-begin:
12066,14971
12066,7940
2243,20918
12066,9818
14185,24303
24889,21278
2243,24889
12066,20283
22552,2111
16835,22552
@dps-end:
@rep:17
@time:7.211
@trys:909079
@seed:94847387
@dps-begin:
12066,14971
12066,7940
12066,9818
2243,20918
14185,24303
3824,12066
6357,20025
12066,20283
2243,24889
12066,18871
@dps-end:
@rep:18
@time:7.573
@trys:883829
@seed:87552823
@dps-begin:
12066,7940
12066,14971
2243,20918
12066,9818
18410,16895
3824,12066
2243,24889
16835,22552
12066,20283
12066,1674
@dps-end:
@rep:19
@time:7.627
@trys:909084
@seed:86842271
@dps-begin:
12066,14971
12066,7940
12066,9818
2243,20918
24889,21278
16835,22552
18410,16895
2243,24889
3824,12066
12066,20283
@dps-end:
@rep:20
@time:6.8
@trys:934334
@seed:80650457
@dps-begin:
12066,14971
12066,7940
12066,9818
24889,21278
2243,20918
14185,24303
12066,20283
2243,24889
6357,4236
12066,18871
@dps-end:
@rep:21
@time:7.421
@trys:934344
@seed:78220001
@dps-begin:
12066,14971
12066,7940
4755,6357
12066,9818
2243,20918
24889,21278
2243,24889
6357,4236
18410,16895
16835,22552
@dps-end:
@rep:22
@time:6.77
@trys:858571
@seed:74585729
@dps-begin:
12066,14971
12066,7940
12066,9818
14185,24303
2243,20918
24889,21278
2243,24889
3824,12066
18410,16895
16835,22552
@dps-end:
@rep:23
@time:6.654
@trys:858586
@seed:73852469
@dps-begin:
12066,14971
12066,7940
4755,6357
14185,24303
12066,9818
2243,20918
24889,21278
22552,2111
16835,22552
6357,20025
@dps-end:
@rep:24
@time:6.579
@trys:858571
@seed:68750849
@dps-begin:
12066,7940
12066,14971
4755,6357
12066,9818
24889,21278
14185,24303
3824,12066
18410,16895
2243,24889
16835,22552
@dps-end:
@rep:25
@time:6.736
@trys:858589
@seed:58160551
@dps-begin:
12066,14971
12066,7940
2243,20918
12066,9818
24889,21278
12066,20283
3824,12066
6357,4236
2243,24889
18410,16895
@dps-end:
@rep:26
@time:6.524
@trys:858576
@seed:45320477
@dps-begin:
12066,14971
12066,7940
4755,6357
12066,9818
14185,24303
6357,20025
16835,22552
22552,2111
18410,16895
3824,12066
@dps-end:
@rep:27
@time:6.493
@trys:858584
@seed:31913771
@dps-begin:
12066,14971
12066,7940
12066,9818
14185,24303
2243,20918
3824,12066
12066,18871
22552,2111
12066,20283
2243,24889
@dps-end:
@rep:28
@time:6.706
@trys:909085
@seed:24096223
@dps-begin:
12066,14971
12066,7940
12066,9818
2243,20918
24889,21278
6357,20025
2243,24889
16835,22552
18410,16895
3824,12066
@dps-end:
@rep:29
@time:6.612
@trys:858578
@seed:16980937
@dps-begin:
12066,14971
12066,7940
2243,20918
12066,9818
14185,24303
6357,20025
3824,12066
18410,16895
2243,24889
16835,22552
@dps-end:
@rep:30
@time:7.309
@trys:959587
@seed:8261369
@dps-begin:
12066,14971
12066,7940
4755,6357
14185,24303
12066,9818
24889,21278
22552,2111
12066,20283
16835,22552
3824,12066
@dps-end:
