@rep:1
@time:36.252
@trys:2719161
@seed:179424673
@dps-begin:
24832,42385,40228,119,10797
24832,12129,34387,24821
24832,22699,13403,10797
25906,15013,4021,12525
43680,25906,26007,10797
1968,16563,25948,10797
25906,26633,10797
35680,18880,25906,40228,1228
13364,17192,13403,26780,13069
42385,23730,29074,13364,14589,10797
@dps-end:
@rep:2
@time:37.832
@trys:2897447
@seed:125164703
@dps-begin:
24832,42385,40228,119,10797
24832,42438,30873,10797
25906,4021,15013,12525
35680,4021,43430,25948
25906,25205,13403,10797
32833,36482,24452,23597
36753,38467,7814,1228,12525,93
24832,31685,21445,42438
24832,5217,35026,14250,3131,24732
40228,5174,25948,1517
@dps-end:
@rep:3
@time:35.251
@trys:2540779
@seed:132011827
@dps-begin:
24832,24321,24118,19629
2546,25906,12525,1647
25216,24832,24321,40228,3803
25906,38564,36008,23597
23369,41804,12525,93
42385,40228,23447,30873,22895
24832,13364,9802,5708
24832,24321,33155,17467
24832,42962,12525,37919
35680,42850,40228,7814,17463
@dps-end:
@rep:4
@time:39.059
@trys:2941985
@seed:124987441
@dps-begin:
24832,42385,40228,119,10797
23104,36208,2546,43430
21219,23594,13403,41804
18880,43010,7814,33915
35680,25906,36482,36008
1968,42385,23348,25948,10797,1517
7360,2546,24452,9270
1968,25906,43430,1228
25906,37138,26538,9532
5825,38467,21219,40228,37925
@dps-end:
@rep:5
@time:38.973
@trys:2941900
@seed:123979721
@dps-begin:
24832,42385,40228,119,10797
24832,16227,12375,10
24832,17523,17192,29369,10797
38368,40192,18880,24832,3649,3131,12525
35680,25906,2101,93
24016,14113,7393,25906
22931,17386,35435,25948,10797
42385,16529,42438,3502
20848,36482,38467,24452
5174,17192,20536,43928,10797
@dps-end:
@rep:6
@time:36.107
@trys:2763595
@seed:119777719
@dps-begin:
24832,42385,119,38856,10797
24832,38467,21219,43928
24016,25906,25948,10797
35680,36482,24452,43430
18880,25906,25205,26437,13403
40228,15013,10797,5278
35680,17026,10195,24650,44218
18880,38467,40228,7814,1228,1948
24832,25948,43181,10797
24321,2546,25906,20908,15836,3244
@dps-end:
@rep:7
@time:44.114
@trys:3432082
@seed:117705823
@dps-begin:
24832,42385,119,38856,10797
1968,35680,569,25948
36482,24452,17192,44459
11168,23249,25948,10797
24832,3105,14589,10797
18880,2035,24452,13403
2546,10195,43430,119,10797,33407
24832,35138,35094,43928
20242,35026,43010,22772,42438,10797
21219,42438,23369,13403,41804
@dps-end:
@rep:8
@time:36.483
@trys:2763771
@seed:112131119
@dps-begin:
24832,42385,119,38856,10797
35680,564,43430,25948
24832,2101,10493,10797
42385,17986,18786,40598
24832,23955,12783
24832,18880,42385,564,2954,16847
3088,35680,43430,569,25948
42385,25205,29369,28093
25906,2546,43928,17192,8458
16227,28371,29369,10,12525
@dps-end:
@rep:9
@time:37.127
@trys:2852913
@seed:108626351
@dps-begin:
24832,42385,40228,119,10797
42385,23249,25948,10797
24832,40035,10493,16847
18880,42385,29074,7814
25906,2546,44218,35259
24016,42385,36482,43430,12525
38564,40228,28093,8638
39408,40228,42327,13403,10797
16529,7814,3131,12525,19629,8638
1968,13403,1228,93
@dps-end:
@rep:10
@time:40.188
@trys:3075674
@seed:107980007
@dps-begin:
24832,42385,40228,119,10797
25906,26633,10797
13364,7814,27224,33915
43010,35465,28589,10797
25906,36008,29369,23597
7814,3754,10,10797
42385,18786,7814,3131
18913,42850,38467,21219
24016,25906,43430,10,12525
1968,42385,20052,40228,10797,23823
@dps-end:
@rep:11
@time:38.384
@trys:2897356
@seed:106368047
@dps-begin:
24832,42385,40228,119,10797
24832,1968,4673,3160
24832,564,3803,93
24832,44402,10797
24832,10,31116,10797
25906,36008,10797,1647
1968,564,24118,25948,10797
35680,14113,25906,564,10
10826,13403,26348,10797
36482,24452,17192,22895
@dps-end:
@rep:12
@time:38.309
@trys:2852768
@seed:99187427
@dps-begin:
24832,42385,119,38856,10797
24832,11168,35344,40063
24832,17075,10797,12783
24832,9569,42438,30873
42385,38467,31271,28093
35680,42850,2546,25906
42385,23348,43430,25948,10797
35680,24321,36482,43430,7814
10290,40228,42438,7814,36250,10797
24832,12789,569,28473
@dps-end:
@rep:13
@time:49.865
@trys:3922301
@seed:98976029
@dps-begin:
24832,42385,42438,10797
35680,18880,36482,25906
24832,23730,18786,7814
24832,1968,34667,35213,19183
35680,42385,43430,5174
7814,24732,10797,93,22895
24832,12129,4673,27606
10290,35259,2765,8589
42850,10290,7814,10,24732,22895
24016,1968,24832,42385,4673,25906
@dps-end:
@rep:14
@time:43.456
@trys:3432154
@seed:97875523
@dps-begin:
24832,42385,40228,119,10797
4673,2546,25906,36038
24832,6449,564,3803,10797
43430,25948,10797,28589
32833,22202,43867,10797
20242,42850,35465,22895
24832,564,25897,1948
24832,35026,9270,119,202,10797
28354,564,5174,43430,10797
24452,25205,13578,4491,12525
@dps-end:
@rep:15
@time:42.066
@trys:3209437
@seed:96763291
@dps-begin:
24832,42385,40228,119,10797
25906,2546,36038,21849
24832,25906,2546,40621
10290,43010,21219,7814
24832,4673,3160
24016,25906,17192,25948
7814,17463,13403,1948
10290,21219,3131,19183
16529,36482,24452,17192,10797,23597
23152,40612,7814,3131,10797
@dps-end:
@rep:16
@time:36.74
@trys:2719079
@seed:95808337
@dps-begin:
24832,42385,119,38856,10797
16227,24452,26437,17192,13403
24832,13364,10797,3502
1968,25906,25948,10797
24832,13203,9820,10797
10195,1176,10797,8029
42385,25906,37138,36008
42385,38467,5174,12525
4673,25906,13364,4021,20056
16529,42310,7814,3131,35259,10797
@dps-end:
@rep:17
@time:38.823
@trys:2897414
@seed:94847387
@dps-begin:
24832,42385,42438,10797
35680,43430,25948,10797
42385,24452,13403,12525
35680,43430,5482,25948
24832,24321,13203,40228,10
10914,2546,25906,10797
18880,35680,25906,36482,7814
14101,7814,1228,93
24832,32833,17467,38507
23152,24452,12525
@dps-end:
@rep:18
@time:34.348
@trys:2540741
@seed:87552823
@dps-begin:
24832,42385,40228,119,10797
39408,24832,21219,10797
24832,31280,40035,10797,12783
18880,24832,35298,43928
36482,17986,10,7627
42385,13403,10797,14589
35680,19072,25906,25948,10797
24832,18880,13403,40335
24832,25205,1228,10797,18349
24832,17192,38856,28221
@dps-end:
@rep:19
@time:42.166
@trys:3209342
@seed:86842271
@dps-begin:
24832,42385,40228,119,10797
23104,25906,43430,17192,18010,10797
18786,17192,10797,16350
25906,17192,35259,93
25906,17192,10797,3502
10290,21219,13403,41804
35680,25906,13203,26747
43010,10290,26165,3131
28257,13364,17192,29369,24828,28093
42385,36482,16227,24452,17192,29369,10797
@dps-end:
@rep:20
@time:38.164
@trys:2986473
@seed:80650457
@dps-begin:
24832,42385,40228,119,10797
25906,17192,35259,10797,1647
24832,2546,42438,569
9569,43010,2340,11335,1580
2546,25906,10797,29038
24832,12915,33317,119,36463
1968,25205,17463,13403
11168,1968,43430,5174
24832,5921,15766,43928
24832,23131,8638,12783
@dps-end:
@rep:21
@time:39.804
@trys:2986512
@seed:78220001
@dps-begin:
24832,42385,40228,119,10797
18880,36482,38467,24452
42385,40035,7814,1228
35680,14113,16529,10,3244
20848,40035,10797,24559
25906,40228,10826,35259,10797
3793,29074,7814,10797
35680,322,10195,11288
14818,42386,7814,13403
20609,24321,5481,39711
@dps-end:
@rep:22
@time:36.003
@trys:2674574
@seed:74585729
@dps-begin:
24832,42385,40228,119,10797
24832,28257,4673,29369
24832,31271,3131,36174
18880,24832,42347,40621
24016,25906,38564,43430
24832,31267,27606,38856
24016,25906,25948,10797
18928,24832,42385,40228,3800
24832,11168,42386,19629,35711
42385,4021,35259,12525,14589
@dps-end:
@rep:23
@time:36.103
@trys:2674503
@seed:73852469
@dps-begin:
24832,42385,40228,119,10797
10290,21219,1948,10797
32833,9569,27875,23369,35259,10797
24832,11168,5481,40063
10290,36482,21219,35259
24832,15013,17192,13403,10797
12210,40228,23369,35259,16350
1968,43010,2340,24910
24832,29320,8586,10797
5905,6963,15013,7814,33915
@dps-end:
@rep:24
@time:37.51
@trys:2763626
@seed:68750849
@dps-begin:
24832,42385,40228,119,10797
24832,42310,1228
24832,2407,3800,17192,5003
25906,36008,35113,5481
1968,12129,16227,2340,564,30873
15013,33915,13403,10797,1517
11536,24832,10493,10797
24452,17463,17192,35113,6703
35680,7814,3131,12525,23597
9144,17192,29369,10,28093
@dps-end:
@rep:25
@time:43.624
@trys:3521240
@seed:58160551
@dps-begin:
24832,42385,119,38856,10797
10,35259,3131,1132
42385,4673,25906,5481
35680,25906,17026,10195
18880,42385,38467,28093
24832,4673,27606,17192
24832,42438,17463,40621
1968,35619,569,25948
24832,42385,9569,29369,38507
24832,24704,42850,42015
@dps-end:
@rep:26
@time:44.247
@trys:3387531
@seed:45320477
@dps-begin:
24832,42385,119,38856,10797
24832,38856,22811,40063
24832,4673,3140,35711
24832,44402,10797
13364,1176,17467,35259
18786,15013,7814,10
25906,36008,4491,23597
13364,24118,5174,17192,43928,29369,10797
24832,15893,3800,12525
24832,16529,13364,25205,6890,40621
@dps-end:
@rep:27
@time:36.949
@trys:2718975
@seed:31913771
@dps-begin:
24832,42385,40228,119,10797
1968,36482,35113,13403
24832,27606,19629,42574
36482,25906,36008,35113
42385,7814,13403,13069,10797
18880,7360,3798,7814
25906,4021,43928,35259
7814,17192,33915,3502
23955,25205,2407,23594,19183
17539,7814,43928,17192,3131
@dps-end:
@rep:28
@time:36.48
@trys:2674485
@seed:24096223
@dps-begin:
24832,42385,40228,119,10797
5174,24118,43430,23597
24832,18880,36482,24452
24016,25906,23955,12525
24832,98,31271,38377
18880,10080,2954,22107
24832,40228,21445,23823
32833,29074,13403,10797
24832,34356,10797
24832,3088,40228,5286,119
@dps-end:
@rep:29
@time:37.394
@trys:2852834
@seed:16980937
@dps-begin:
24832,42385,119,38856,10797
40192,43680,40035,17192,12783
40612,7814,35259,10797
35680,9569,2546,30873
21219,15013,7814,17192
25906,2546,13364,26633
18880,42385,17192,15609,35259,10797
36482,24452,17463,17192
24832,18880,7814,5718,43724
24832,44402,14250,10797
@dps-end:
@rep:30
@time:36.094
@trys:2629969
@seed:8261369
@dps-begin:
24832,42385,40228,119,10797
24832,36038,42347,10797
24832,43928,10797,5614
25205,15013,7814,13403
10096,21219,30873,17550
40228,17192,30873,23131,93
35680,25906,9802,1948,10797,22895
23104,1968,42385,18293,42438,10797
42385,42850,40228,18293,10797,8638
24832,40192,35298,3647
@dps-end:
