@rep:1
@time:13.49
@trys:1035550
@seed:179424673
@dps-begin:
5128,21752,13402
18388,6831
24807,13307
16323,13402
210,3812,17180
19746,20597,13402
20339,13307,17180
21571,16921,13402
16256,20227
2404,22726,6831
@dps-end:
@rep:2
@time:13.288
@trys:1086160
@seed:125164703
@dps-begin:
5128,21752,13402
18388,6831
24807,13307
5271,13402,14751
13307,14046
16323,13402
19746,20597,5128
210,3812,17180
16256,20227
20929,20047
@dps-end:
@rep:3
@time:13.047
@trys:1086091
@seed:132011827
@dps-begin:
21752,5128,13402
18388,6831
24807,13307
16323,13402
210,3812,17180
20339,13307,17180
19746,20597,13402
13402,13197,14751
16256,20227
19445,21752,13402
@dps-end:
@rep:4
@time:13.504
@trys:1111336
@seed:124987441
@dps-begin:
5128,21752,13402
18388,6831
24807,13307
16323,13402
20339,13307,17180
13402,13197,14751
210,3812,17180
19746,20597,5128
20929,20047
16256,13402,13307
@dps-end:
@rep:5
@time:13.003
@trys:1060801
@seed:123979721
@dps-begin:
21752,5128,13402
24807,13307
18388,6831
16323,13402
19746,20597,13402
20339,13307,17180
13402,13197,14751
210,3812,17180
20929,21332,13402
20929,18388,13307
@dps-end:
@rep:6
@time:13.453
@trys:1086067
@seed:119777719
@dps-begin:
5128,21752,13402
24807,13307
18388,6831
16323,13402
20339,13307,17180
23139,3812,17180
21571,16921,13402
19746,20597,13402
16256,20227
20929,20047
@dps-end:
@rep:7
@time:14.121
@trys:1111291
@seed:117705823
@dps-begin:
5128,21752,13402
9649,17764,13402
18388,6831
24807,13307
16323,13402
21752,13402,19727
20597,21752,13069
20339,13307,18157
16256,20227
20929,20047
@dps-end:
@rep:8
@time:14.738
@trys:1111257
@seed:112131119
@dps-begin:
21752,5128,13402
24807,13307
18388,6831
16323,13402
9649,21752,5128
19746,20597,13402
13402,13197,14751
20339,13307,17180
16256,20227
9649,7709,6831
@dps-end:
@rep:9
@time:12.779
@trys:1010349
@seed:108626351
@dps-begin:
5128,21752,13402
18388,21752,13402
24807,13307
16323,13402
20339,13307,17180
23139,3812,17180
2404,2286,6831
19746,20597,5128
22726,21752,6831
20929,20047
@dps-end:
@rep:10
@time:12.808
@trys:1010384
@seed:107980007
@dps-begin:
21752,5128,13402
18388,6831
24807,13307
16323,13402
20339,13307,17180
19746,20597,13402
16256,20227
15344,16256,13402
20929,20047
20929,7717,13402
@dps-end:
@rep:11
@time:13.681
@trys:1111270
@seed:106368047
@dps-begin:
5128,21752,13402
18388,6831
24807,13307
16323,13402
19746,20597,13402
20339,13307,18157
21571,16921,13402
20929,20047
20929,7717,13402
5271,13402,22159
@dps-end:
@rep:12
@time:13.123
@trys:1060833
@seed:99187427
@dps-begin:
5128,21752,13402
18388,6831
24807,13307
16323,13402
20339,13307,18157
19746,20597,13402
210,3812,17180
9649,13402,14751
20929,20047
16256,15344,13402
@dps-end:
@rep:13
@time:14.217
@trys:1111321
@seed:98976029
@dps-begin:
5128,21752,13402
18388,6831
24807,13307
16323,13402
10801,19746,13402
21571,16921,13402
16256,20227
20929,20047
20597,24807
2404,22726,6831
@dps-end:
@rep:14
@time:13.62
@trys:1086064
@seed:97875523
@dps-begin:
21752,5128,13402
18388,6831
24807,13307
16323,13402
20339,13307,18157
10801,19746,13402
21571,16921,13402
16256,20227
2404,22726,6831
210,20597,17180
@dps-end:
@rep:15
@time:12.51
@trys:985102
@seed:96763291
@dps-begin:
21752,5128,13402
18388,6831
24807,13307
16323,13402
19746,20597,5128
210,3812,17180
20339,13307,17180
21571,16921,13402
16256,20227
20929,20047
@dps-end:
@rep:16
@time:13.155
@trys:1060909
@seed:95808337
@dps-begin:
21752,5128,13402
18388,6831
24807,13307
16323,13402
19746,20597,5128
210,3812,17180
20339,13307,17180
13402,13197,14751
16256,20227
2404,22726,6831
@dps-end:
@rep:17
@time:13.689
@trys:1111330
@seed:94847387
@dps-begin:
5128,21752,13402
24807,13307
18388,6831
16323,13402
19746,20597,13402
20339,13307,17180
23139,3812,17180
16256,20227
20929,13402,20221
20929,7717,13402
@dps-end:
@rep:18
@time:13.63
@trys:1111329
@seed:87552823
@dps-begin:
21752,5128,13402
18388,6831
21752,12668
19746,13402,13307
16323,13402
13307,14046
10801,13402,14751
16256,20227
20929,20047
5271,13402,22159
@dps-end:
@rep:19
@time:12.626
@trys:1010390
@seed:86842271
@dps-begin:
21752,5128,13402
18388,6831
24807,13307
16323,13402
10801,19746,13402
20339,13307,18157
20339,3812,21752
16256,20227
9649,13402,14751
20929,20047
@dps-end:
@rep:20
@time:13.768
@trys:1060836
@seed:80650457
@dps-begin:
21752,5128,13402
18388,6831
24807,13307
16323,13402
21571,16921,13402
13307,14046
5271,13402,14751
10801,19746,13402
20597,24807
16256,15344,13402
@dps-end:
@rep:21
@time:13.181
@trys:1035477
@seed:78220001
@dps-begin:
21752,5128,13402
24807,13307
18388,6831
16323,13402
20339,13307,17180
210,3812,17180
19746,20597,13402
16256,20227
20929,20047
15344,16256,13402
@dps-end:
@rep:22
@time:14.798
@trys:1212396
@seed:74585729
@dps-begin:
5128,21752,13402
18388,6831
24807,13307
19746,20597,13402
20339,13307,17180
16323,13402
23139,3812,17180
21571,16921,13402
16256,20227
22726,21752,13402
@dps-end:
@rep:23
@time:13.392
@trys:1086086
@seed:73852469
@dps-begin:
21752,5128,13402
24807,13307
18388,6831
16323,13402
10801,19746,13402
21571,16921,13402
20929,20047
16256,20227
9649,13402,14751
20339,3812,21752
@dps-end:
@rep:24
@time:13.411
@trys:1086028
@seed:68750849
@dps-begin:
5128,21752,13402
18388,6831
19746,13402,13307
16323,13402
13307,14046
10801,13402,14751
15344,16921,13402,13307
16256,20227
20929,7717,13402
20929,20047
@dps-end:
@rep:25
@time:12.553
@trys:985056
@seed:58160551
@dps-begin:
21752,5128,13402
24807,13307
18388,6831
21752,12668
16323,13402
10420,21752,13402
20929,13402,22638
19746,20597,13402
20339,13307,18157
13402,13197,14751
@dps-end:
@rep:26
@time:12.851
@trys:1035580
@seed:45320477
@dps-begin:
21752,5128,13402
24807,13307
18388,6831
16323,13402
13402,13197,14751
20339,13307,17180
19746,20597,13402
20929,7717,13402
16256,13402,13307
20929,20047
@dps-end:
@rep:27
@time:13.725
@trys:1111345
@seed:31913771
@dps-begin:
5128,21752,13402
20339,13402,13307
18388,6831
18388,15220,21752
20929,5128,20221
23139,3812,17180
16323,13402
16256,20227
20929,20047
20597,23688,14751
@dps-end:
@rep:28
@time:13.669
@trys:1111282
@seed:24096223
@dps-begin:
5128,21752,13402
20929,21752,5128
18388,6831
24807,13307
16323,13402
19746,20597,5128
20339,13307,17180
23139,3812,17180
20929,20047
20929,7717,13402
@dps-end:
@rep:29
@time:13.121
@trys:1060876
@seed:16980937
@dps-begin:
5128,21752,13402
18388,6831
24807,13307
16323,13402
10801,19746,13402
13402,13197,14751
16256,20227
15344,16256,13402
210,20597,17180
22726,5229,6831
@dps-end:
@rep:30
@time:12.748
@trys:1010347
@seed:8261369
@dps-begin:
21752,5128,13402
21752,12668
24807,13307
18388,6831
21752,3225,13402
16323,13402
20339,13307,18157
13402,13197,14751
20929,20047
16256,13402,13307
@dps-end:
