@rep:1
@time:15.391
@trys:2407003
@seed:179424673
@dps-begin:
28309,18585,34655
5537,20453,42557
11090,36149,16602
21712,28888,34655
24114,34655
7640,15421,781
43536,20453,28696
36407,5881
2295,42557,1295
35072,6660,28309
@dps-end:
@rep:2
@time:14.677
@trys:2228755
@seed:125164703
@dps-begin:
28309,18585,34655
5537,20453,42557
22883,17878,15421
11090,36149,16602
24114,34655
21456,20453,28309
17878,15421,17437
11090,10219,781
2145,42981,20453
39425,40019,3868
@dps-end:
@rep:3
@time:14.697
@trys:2317870
@seed:132011827
@dps-begin:
28309,18585,34655
5537,20453,42557
36149,17878,5015
24114,34655
7640,781,15421
2145,20453,42981
28888,5512,17017
36407,5881
36149,28309,893
35072,6660,28309
@dps-end:
@rep:4
@time:16.933
@trys:2808138
@seed:124987441
@dps-begin:
28309,18585,34655
5537,20453,42557
3808,11090,8728
24114,34655
43632,11090,10661
7640,781,15421
2145,20453,42981
39425,36149,16602
385,10489,34655
1296,27439
@dps-end:
@rep:5
@time:16.741
@trys:2629844
@seed:123979721
@dps-begin:
28309,18585,34655
5537,20453,42557
39425,17878,40094
3808,11090,5881
18871,42696,3868,15421
24114,34655
17878,25830,7640
2145,42981,20453
43632,11090,10661
10489,18585,34655
@dps-end:
@rep:6
@time:13.748
@trys:2139727
@seed:119777719
@dps-begin:
28309,18585,34655
26960,5537,20453
28888,36650,34655
3808,11090,5881
22883,17878,15421
24114,34655
11090,10219,781
3808,43536,5881
28888,5512,17017
42981,10661,34203
@dps-end:
@rep:7
@time:13.887
@trys:2273329
@seed:117705823
@dps-begin:
28309,18585,34655
5537,20453,42557
3808,11090,5881
6929,10661,20453
24114,34655
39425,40019,3868
24471,299,1295
43632,11090,10661
39425,2145,16602
39425,7640,15421,781
@dps-end:
@rep:8
@time:17.583
@trys:2719004
@seed:112131119
@dps-begin:
28309,18585,34655
26960,5537,20453
3808,11090,5881
39425,18871,3868,15421
1296,18585,2603
24114,34655
7640,15421,781
11090,16602,43455
21712,28888,34655
36407,5881
@dps-end:
@rep:9
@time:15.108
@trys:2496153
@seed:108626351
@dps-begin:
28309,18585,34655
26960,5537,20453
39425,17878,40094
5537,20453,28309
11090,36149,16602
1296,18585,2603
22883,17878,15421
24114,34655
43536,17878,299
2145,42981,20453
@dps-end:
@rep:10
@time:14.276
@trys:2273347
@seed:107980007
@dps-begin:
28309,18585,34655
5537,20453,42557
11090,36149,16602
24114,34655
21712,28888,34655
7640,781,15421
3808,43536,5881
43632,11090,10661
2145,20453,42981
28888,5512,17017
@dps-end:
@rep:11
@time:13.979
@trys:2273309
@seed:106368047
@dps-begin:
28309,18585,34655
26960,5537,20453
3808,11090,5881
24114,34655
39425,40019,3868
11090,10219,781
2145,42981,20453
43632,11090,10661
1296,18585,44265
35072,6660,28309
@dps-end:
@rep:12
@time:14.513
@trys:2318036
@seed:99187427
@dps-begin:
28309,18585,34655
5537,20453,42557
3808,11090,8728
22883,17878,15421
1296,18585,2603
24114,34655
17878,7640,781
11090,28309,20453,6455
2145,42981,20453
21712,28888,34655
@dps-end:
@rep:13
@time:14.037
@trys:2184196
@seed:98976029
@dps-begin:
28309,18585,34655
5537,20453,42557
3808,11090,10219
42981,17878,7640,42557
24114,34655
16837,28696,299,1295
11090,36149,28309,16602
2145,20453,42981
43632,11090,10661
5512,28888,17017
@dps-end:
@rep:14
@time:16.395
@trys:2719015
@seed:97875523
@dps-begin:
28309,18585,34655
5537,20453,42557
7640,26443,781
3808,11090,5881
24114,34655
2145,39425,16602
28888,5512,17017
36149,28309,893
8728,36650,34655
28309,20453,186
@dps-end:
@rep:15
@time:16.216
@trys:2629787
@seed:96763291
@dps-begin:
28309,18585,34655
26960,5537,20453
3808,11090,8728
11090,42981,10661,17878
22883,17878,15421
24114,34655
11090,10219,781
28888,5512,17017
11090,36149,28309,16602
18585,2603,34655
@dps-end:
@rep:16
@time:15.08
@trys:2362498
@seed:95808337
@dps-begin:
28309,18585,34655
5537,20453,42557
22883,17878,15421
3808,11090,10219
24114,34655
43536,17878,18585
17878,15421,17437
2145,42981,20453
10489,781,34655
17017,42557,1295
@dps-end:
@rep:17
@time:16.342
@trys:2629742
@seed:94847387
@dps-begin:
43536,26101,42696
5537,20453,42557
3808,11090,8728
24114,34655
39425,28309,12764
39425,3868,39151
20453,28309,24312
28888,18585,36650,34655
1296,27439
36407,5881
@dps-end:
@rep:18
@time:17.749
@trys:2808134
@seed:87552823
@dps-begin:
43536,26101,42696
5537,20453,42557
21712,28888,34655
24114,34655
28309,8728,34655
11090,16602,10219
5537,20453,19629
28888,5512,17017
10489,18585,34655
22065,5537,15421
@dps-end:
@rep:19
@time:14.889
@trys:2273350
@seed:86842271
@dps-begin:
28309,18585,34655
5537,20453,42557
1296,18585,2603
5537,20453,5382
3808,11090,8728
39425,18871,3868,15421
24114,34655
28309,42510,8623
21456,28309,20453
39425,36149,16602
@dps-end:
@rep:20
@time:13.824
@trys:2095028
@seed:80650457
@dps-begin:
28309,18585,34655
26960,5537,20453
18871,42696,3868,15421
24114,34655
7745,7640,781
39425,2145,16602
24471,299,1295
1296,27439
7137,39425,22175
36407,5881
@dps-end:
@rep:21
@time:15.323
@trys:2317820
@seed:78220001
@dps-begin:
5537,20453,42557
28309,18585,34655
3808,11090,5881
1296,18585,2603
24114,34655
20453,28309,24312
17878,15421,17437
2145,20453,42981
39425,21974,15421
11090,42981,10661,781
@dps-end:
@rep:22
@time:15.069
@trys:2362398
@seed:74585729
@dps-begin:
5537,20453,42557
28309,18585,34655
3808,11090,5881
39425,18871,3868,15421
28309,34655,8623
7745,7640,781
24114,34655
39425,2145,16602
43632,11090,10661
17878,17437,15421
@dps-end:
@rep:23
@time:14.624
@trys:2317905
@seed:73852469
@dps-begin:
43536,26101,42696
5537,20453,42557
11090,36149,16602
24114,34655
28309,8728,34655
28309,42510,8623
2145,42981,20453
5537,20453,24471
28309,20453,24312
28888,5512,17017
@dps-end:
@rep:24
@time:15.763
@trys:2496134
@seed:68750849
@dps-begin:
28309,18585,34655
5537,20453,42557
3808,11090,5881
39425,18871,3868,15421
1296,18585,2603
24114,34655
43632,11090,28888
28309,18918,893
40019,3868,15421
22065,5537,781
@dps-end:
@rep:25
@time:15.793
@trys:2540707
@seed:58160551
@dps-begin:
28309,18585,34655
5537,20453,42557
3808,11090,5881
22883,17878,15421
24114,34655
20453,28309,24312
11090,10219,781
1473,11090,28309,20453
39425,40019,23383,3868
17878,15421,17437
@dps-end:
@rep:26
@time:13.719
@trys:2139626
@seed:45320477
@dps-begin:
28309,18585,34655
5537,20453,42557
3808,11090,5881
24114,34655
28309,42510,8623
20453,28309,24312
17878,2295,5512
39425,21974,15421
18585,10489,34655
17017,42557,1295
@dps-end:
@rep:27
@time:15.271
@trys:2496153
@seed:31913771
@dps-begin:
28309,18585,34655
5537,20453,42557
5537,20453,28309
11090,36149,16602
28309,42510,8623
24114,34655
24471,299,1295
43632,11090,10661
7640,781,15421
5512,28888,17017
@dps-end:
@rep:28
@time:16.582
@trys:2763457
@seed:24096223
@dps-begin:
5537,20453,42557
28309,18585,34655
3808,11090,10219
5537,20453,14169
24114,34655
39425,40019,3868
39425,36149,16602
2145,42981,20453
36407,5881
28309,18918,893
@dps-end:
@rep:29
@time:17.272
@trys:2852700
@seed:16980937
@dps-begin:
28309,18585,34655
26960,5537,20453
28309,5881,34655
11090,36149,16602
24114,34655
38371,17878,7640
24471,299,1295
3808,39425,8728
43536,42696,38815
11090,27179,10219
@dps-end:
@rep:30
@time:14.557
@trys:2362438
@seed:8261369
@dps-begin:
28309,18585,34655
5537,20453,42557
20453,42557,1295
11090,36149,16602
24114,34655
6929,10661,20453
7640,15421,781
21712,28888,34655
5537,35433,781
41287,25436,34655
@dps-end:
