@rep:1
@time:0.306
@trys:136307
@seed:179424673
@dps-begin:
1558,3542
1792,2002
1025,767
933,3096
2082,301
1249,984
1141,984
1141,3771
1956,3542
1558,445
@dps-end:
@rep:2
@time:0.288
@trys:132204
@seed:125164703
@dps-begin:
1141,3542
1792,2002
1141,3771
2082,2002
1249,984
213,301
1249,3341
1141,984
3538,2133
165,3542
@dps-end:
@rep:3
@time:0.284
@trys:136253
@seed:132011827
@dps-begin:
3542,1558
1025,767
2082,301
3542,3596
3542,2649
165,3542
1025,1028
3491,1141
1249,984
1249,3341
@dps-end:
@rep:4
@time:0.301
@trys:136249
@seed:124987441
@dps-begin:
2082,3542
1025,767
1792,2002
3163,1006
1025,92
3538,2133
560,3542
1141,984
1249,3341
2649,3163
@dps-end:
@rep:5
@time:0.3
@trys:144284
@seed:123979721
@dps-begin:
1025,3542
1141,325
2082,301
933,3341
1141,3771
2649,3163
2082,984
1249,984
165,3542
1141,3542,3163
@dps-end:
@rep:6
@time:0.292
@trys:144279
@seed:119777719
@dps-begin:
1141,3542
1792,2002
1025,767
1249,3341
1141,984
2002,2082
3542,1178
1249,984
3459,1028
1025,1028
@dps-end:
@rep:7
@time:0.267
@trys:132292
@seed:117705823
@dps-begin:
1141,3542
933,3096
1025,767
2082,984
3542,3596
2002,3163
3542,2649
165,3542
1249,984
1025,1028
@dps-end:
@rep:8
@time:0.287
@trys:148346
@seed:112131119
@dps-begin:
1025,3542
1141,325
301,61
274,2883,2372
1141,984
933,3341
2649,3163
1249,984
165,3542
3491,1141
@dps-end:
@rep:9
@time:0.263
@trys:132226
@seed:108626351
@dps-begin:
2082,3542
1792,2002
1025,767
1558,92
148,3542
3542,2649
1025,325
2082,984
1249,3341
1249,984
@dps-end:
@rep:10
@time:0.262
@trys:128274
@seed:107980007
@dps-begin:
1141,3542
1792,2002
1025,767
213,301
2082,984
1249,984
1025,1028
3542,3596
3491,1141
1249,3341
@dps-end:
@rep:11
@time:0.281
@trys:136232
@seed:106368047
@dps-begin:
1141,3542
1792,2002
3542,2649
1025,1028
1141,984
3542,3596
3491,1141
3163,1006
165,3542
933,3341
@dps-end:
@rep:12
@time:0.317
@trys:156282
@seed:99187427
@dps-begin:
1025,3542
1141,325
301,61
1792,2002
933,3096
2002,3163
2649,3163
165,3542
1141,984
1249,984
@dps-end:
@rep:13
@time:0.26
@trys:132245
@seed:98976029
@dps-begin:
2082,3542
1025,767
1792,2002
1141,984
2649,3163
1249,984
3542,1927
1558,92
2002,3163
1025,3542,3595
@dps-end:
@rep:14
@time:0.281
@trys:140252
@seed:97875523
@dps-begin:
3542,1558
1025,767
2082,301
2082,984
2002,3163
2649,3163
1249,984
165,3542
1025,3133
1025,1028
@dps-end:
@rep:15
@time:0.288
@trys:136355
@seed:96763291
@dps-begin:
2082,3542
1792,2002
1025,767
1956,3542
2649,3163
1249,984
1141,984
3491,1141
1558,445
3163,1006
@dps-end:
@rep:16
@time:0.294
@trys:144279
@seed:95808337
@dps-begin:
3542,1558
2082,301
1792,2002
3542,2649
2082,984
1025,1028
2002,3163
1249,3341
165,3542
1025,3133
@dps-end:
@rep:17
@time:0.263
@trys:132257
@seed:94847387
@dps-begin:
2082,3542
1792,2002
933,3096
1141,984
3542,1927
1025,1178
1249,3341
2649,3163
274,325
2002,3163
@dps-end:
@rep:18
@time:0.263
@trys:132275
@seed:87552823
@dps-begin:
2082,3542
1025,1464
933,3096
1249,984
1141,984
3542,781
274,325
3542,2649
2002,3163
1025,3133
@dps-end:
@rep:19
@time:0.277
@trys:140280
@seed:86842271
@dps-begin:
3542,1558
1792,2002
61,301
1249,984
165,3542
2649,3163
2002,3163
2082,984
3542,767
1249,3341
@dps-end:
@rep:20
@time:0.254
@trys:132241
@seed:80650457
@dps-begin:
1141,3542
560,3542
2082,984
1249,984
3542,1178
1025,1028
165,3542
933,3341
1025,3133
2649,3163
@dps-end:
@rep:21
@time:0.268
@trys:136278
@seed:78220001
@dps-begin:
2082,3542
1025,1464
148,3542
3542,2649
2082,984
3491,1141
1249,3341
1249,984
1025,3133
984,2585
@dps-end:
@rep:22
@time:0.259
@trys:128284
@seed:74585729
@dps-begin:
1141,3542
1025,767
1792,2002
3459,1028
1141,984
1249,984
1025,1028
2002,3163
165,3542
2649,3163
@dps-end:
@rep:23
@time:0.271
@trys:136291
@seed:73852469
@dps-begin:
2082,3542
1792,2002
1025,1464
1249,984
148,3542
1141,984
1025,3133
933,3341
2649,3163
3491,1141
@dps-end:
@rep:24
@time:0.263
@trys:132297
@seed:68750849
@dps-begin:
2082,3542
1792,2002
3542,3772
933,3096
1249,984
3542,2649
1141,984
1028,3163
1025,325
2002,3163
@dps-end:
@rep:25
@time:0.254
@trys:128298
@seed:58160551
@dps-begin:
2082,3542
933,3096
1792,2002
1025,767
1025,92
3542,2510
2082,984
1249,3341
3491,1141
1249,984
@dps-end:
@rep:26
@time:0.28
@trys:144267
@seed:45320477
@dps-begin:
1025,3542
1792,2002
2082,301
2082,445
1141,984
1249,984
3538,2133
1141,3771
2002,3163
1249,3341
@dps-end:
@rep:27
@time:0.281
@trys:144272
@seed:31913771
@dps-begin:
1025,3542
1141,325
301,61
1792,2002
3542,2649
1141,984
2002,3163
2082,445
3491,1141
1249,984
@dps-end:
@rep:28
@time:0.255
@trys:128289
@seed:24096223
@dps-begin:
1558,3542
1792,2002
1249,3341
1025,325
2649,3163
1249,984
3542,1178
2002,3163
2082,984
165,3542
@dps-end:
@rep:29
@time:0.255
@trys:132294
@seed:16980937
@dps-begin:
1025,3542
1141,325
1792,2002
2082,301
933,3341
2002,3163
3491,1141
1249,3542
2649,3163
1249,984
@dps-end:
@rep:30
@time:0.249
@trys:128222
@seed:8261369
@dps-begin:
2082,3542
1025,1464
1792,2002
3459,1028
1025,92
560,3542
1141,984
2649,3163
1249,984
2002,3163
@dps-end:
