@rep:1
@time:6.662
@trys:1000010
@seed:179424673
@dps-begin:
42385,28090
35802,15836
13364
10797
35680,35435
17192
40228
42385
25205,31709
11288,42073
@dps-end:
@rep:2
@time:6.478
@trys:1000010
@seed:125164703
@dps-begin:
40228,44459
24631,39679
42073,35259
13364
17192
10797
42386,36298
40228
42385
10,22287
@dps-end:
@rep:3
@time:6.632
@trys:1000010
@seed:132011827
@dps-begin:
32833,35213
10797,30127
17192
13364
10797
40228
34615,3131
25729,22895
12525,24734
1232,17192
@dps-end:
@rep:4
@time:6.42
@trys:1000010
@seed:124987441
@dps-begin:
22931,36038
17192
10797
13364
42385
40228
35259,1854
42386,17550
43877,1517
675,17386
@dps-end:
@rep:5
@time:6.168
@trys:1000010
@seed:123979721
@dps-begin:
35680,10195
25778,37023
2032,35298
17192
13364
10797
40228
42385
23249,5482
5298,35213
@dps-end:
@rep:6
@time:6.278
@trys:1000010
@seed:119777719
@dps-begin:
33317,17224
43879,17192
12017,24732
10797
17192
13364
42385
40228
20052,15013
34550,2974
@dps-end:
@rep:7
@time:6.189
@trys:1000010
@seed:117705823
@dps-begin:
31271,10493
33915,22815
16227,24821
24832,24984
10797
13364
42385
40228
42385,2035
26055,41003
@dps-end:
@rep:8
@time:6.245
@trys:1000010
@seed:112131119
@dps-begin:
16529,13364
10797,34398
10797
13364
17192
42385
40228
8697,18399
18402,38564
43680,14250
@dps-end:
@rep:9
@time:6.283
@trys:1000010
@seed:108626351
@dps-begin:
38467,12525
1968,10826
13364
10797
17192
1968,2153,22876
40228
24725,40621
3088,19072
675,33086
@dps-end:
@rep:10
@time:6.305
@trys:1000010
@seed:107980007
@dps-begin:
37925,36038
10797
17192
13364
42385
40228
24725,29369,10927
24016,7092
29570,24789
37681,13364
@dps-end:
@rep:11
@time:6.324
@trys:1000010
@seed:106368047
@dps-begin:
17192
10797
13364
42385
40228
26091,1580
17986,255
42368,40621
2407,44218
42385,31267,6935
@dps-end:
@rep:12
@time:6.295
@trys:1000010
@seed:99187427
@dps-begin:
9569,33407
13364
10797
17192
119,36713
40228
42385
33953,13364
18880,15737
2988,12525
@dps-end:
@rep:13
@time:6.331
@trys:1000010
@seed:98976029
@dps-begin:
42438,1228
24321,20781
40612,35259
10797
17192
13364
322,22815
18082,19629
7122,34215,10797
40228
@dps-end:
@rep:14
@time:6.409
@trys:1000010
@seed:97875523
@dps-begin:
35259,19183
20848,39408
10797
13364
17192
42385
8562,17636
33317,43430
35680,11390
16370,40308
@dps-end:
@rep:15
@time:6.517
@trys:1000010
@seed:96763291
@dps-begin:
42385,39679
3088,9144
13364
10797
17192
40228
42385
26789,1517
28180,22772
24631,93
@dps-end:
@rep:16
@time:6.34
@trys:1000010
@seed:95808337
@dps-begin:
42385,22969
18880,9569
40228,2380
10797
17192
13364
40228
23425,564
41139,12525
41552,31271
@dps-end:
@rep:17
@time:6.184
@trys:1000010
@seed:94847387
@dps-begin:
7937,13403
16227,43669
10797
13364
17192
2153,5628
42385
40228
40228,5818
7314,1845
@dps-end:
@rep:18
@time:6.34
@trys:1000010
@seed:87552823
@dps-begin:
24832,33407
1843,1132
10797
25205,23541
17192
40228
42385
10195,40549
11798,8697
10552,10797
@dps-end:
@rep:19
@time:6.212
@trys:1000010
@seed:86842271
@dps-begin:
29369,24559
17192
10797
40228
42385,7035
22884,22202
35680,36753
24016,27619
24832,3422
34963,3127
@dps-end:
@rep:20
@time:6.101
@trys:1000010
@seed:80650457
@dps-begin:
43430,10
17192
43928,23785
17192,40335
10797
13364
24832,17795
40228
42385
422,31271
@dps-end:
@rep:21
@time:6.077
@trys:1000010
@seed:78220001
@dps-begin:
10797
13364
1132,6412
42385
40228
35344,10195
1785,11069
11288,41167
3299,8396
34854,2153
@dps-end:
@rep:22
@time:6.303
@trys:1000010
@seed:74585729
@dps-begin:
27654,29369
10797
13364
2954,37867
30816,35113
42385
40228
29369,2894
34343,33915
7708,8589
@dps-end:
@rep:23
@time:6.137
@trys:1000010
@seed:73852469
@dps-begin:
16529,35259
40549,93
13364
10797
17192
26789,28093
42385
40228
4705,22202
34343,40621
@dps-end:
@rep:24
@time:6.084
@trys:1000010
@seed:68750849
@dps-begin:
13364
10797
17192
42385
40228
852,43430
40820,3131
3793,23348,25736
14113,40612
1968
@dps-end:
@rep:25
@time:6.107
@trys:1000010
@seed:58160551
@dps-begin:
1968,10826
1948,20445
17192
13364
10797
24321,28174
42385
26165,5989
42385,20959
43413,22202
@dps-end:
@rep:26
@time:6.308
@trys:1000010
@seed:45320477
@dps-begin:
24832,24330
305,22202
10797
17192
13364
8586,43773
42385
40228
22320,39408
322,18010
@dps-end:
@rep:27
@time:6.319
@trys:1000010
@seed:31913771
@dps-begin:
25205,33915
24832,5825
42385,26747
17192
13364
10797
40228
42385
325,17467
18402,15991
@dps-end:
@rep:28
@time:6.145
@trys:1000010
@seed:24096223
@dps-begin:
10797
17192
13364
23594,6366
24728,22895
42385
40228
9569,43859
24321,1527
17523,24028
@dps-end:
@rep:29
@time:6.174
@trys:1000010
@seed:16980937
@dps-begin:
24832,19569
39408,38579
10,23501
13364
10797
17192
40228
42385
8697,4412
28803,35711
@dps-end:
@rep:30
@time:6.222
@trys:1000010
@seed:8261369
@dps-begin:
40228,43695
39408,8589
17192
13364
40228
42385
12525,5278
17564,687
42438,43532
25736,35259,1228
@dps-end:
