@rep:1
@time:29.512
@trys:4041400
@seed:179424673
@dps-begin:
23139,23658
20227,21732,10495
10382,12394
23688,4150
15584
1110,4660
703,15225
924,808,4660
5128,19431
6940,821
@dps-end:
@rep:2
@time:29.178
@trys:4041400
@seed:125164703
@dps-begin:
19716,16933
6132
23552,12061
3629,7679
14786,9432
462
17819,20668
5023,16933,14538
8708,15395,20287
14,7867,7764
@dps-end:
@rep:3
@time:29.21
@trys:4041400
@seed:132011827
@dps-begin:
13128
19231,6831
7469
15584
14756
12321
12515
22115,7717,24807
7469,13183
21851,17764,16952
@dps-end:
@rep:4
@time:29.532
@trys:4041400
@seed:124987441
@dps-begin:
7717,1407
929,17213
7466
16342,22759
23955,1743
18207,6319
13986,1608
20317,20081
18832,309
16006,13959,2236
@dps-end:
@rep:5
@time:29.312
@trys:4041400
@seed:123979721
@dps-begin:
22726,869
201
13984,19628,16254
16657,23905
15427
13086
16320
15876,18301
24392,9881
13279,8180
@dps-end:
@rep:6
@time:29.255
@trys:4041400
@seed:119777719
@dps-begin:
17764
12394
21058,23690
24392,22909
14897,703
23882,12604
18917
16323,15147
10311,19445,20597
16449,10580,3236
@dps-end:
@rep:7
@time:29.029
@trys:4041400
@seed:117705823
@dps-begin:
12171,23841
2250
15767,17819
22033
18511
17035
6899,20221
6992,18622
16579,6878,6647
137,9563
@dps-end:
@rep:8
@time:29.307
@trys:4041400
@seed:112131119
@dps-begin:
11453
14751
17180,5723
23311,14493
21,20339
4195,13100
9113,5688,18920
9305,14623
19290,7671
22503
@dps-end:
@rep:9
@time:29.155
@trys:4041400
@seed:108626351
@dps-begin:
21383,9809
21752,6331
1424
2369
16579,16625
7823,6951,23415
17035
15578
13507
18191,16786,6968
@dps-end:
@rep:10
@time:29.166
@trys:4041400
@seed:107980007
@dps-begin:
14,18942
14222,17103
18126,17371
24647,278
13069,8447
201
15517
20929,11937
11267,16357,14446
11359
@dps-end:
@rep:11
@time:29.374
@trys:4041400
@seed:106368047
@dps-begin:
21209
14363,3637
13069,23599
6987,14756
20047,12840,3629
11739,14907
7546,12350
3427,21293
23896,11895
24153,24223
@dps-end:
@rep:12
@time:29.383
@trys:4041400
@seed:99187427
@dps-begin:
13108
10146,20339
13376,13307
541
14864,7709
6852,20822
12061
23726,2296
15567,15344,16309,11133
10262,11849
@dps-end:
@rep:13
@time:29.375
@trys:4041400
@seed:98976029
@dps-begin:
4493,18920
8519
3601,7717
14751
19600,14513
4385,462
23552,9517
11908,22521,17788
20423,462
6940,14653,20423,9316
@dps-end:
@rep:14
@time:29.298
@trys:4041400
@seed:97875523
@dps-begin:
19445
8920,11453
20524
5128,5661,16579
21206
16596,14751,675
6951,11699
12743,21209
22154,22484,4462
20225,5707,14162,12393
@dps-end:
@rep:15
@time:29.123
@trys:4041400
@seed:96763291
@dps-begin:
22517
4372
22300,21623
6877,13279
22159
12061
21917
143,24365
3717,5128,21332,12951
13579,19439,4660
@dps-end:
@rep:16
@time:28.903
@trys:4041400
@seed:95808337
@dps-begin:
20441,15968
5713,20735
8901,4108
22033
23531
6874,13305
14198,5434
16112,7349
22634,9587,5950
14,17819,24097,6380
@dps-end:
@rep:17
@time:28.867
@trys:4041400
@seed:94847387
@dps-begin:
24669,15220
21986,4534
22039
6785,21034
1424,9134
22403,7998
12171
4404
4433
22756,18157,17006
@dps-end:
@rep:18
@time:28.697
@trys:4041400
@seed:87552823
@dps-begin:
1437
1400
7652,2286
11772
11772
24392,16912
16256,18157,12797
462,6495
2910,6951
23638,21735
@dps-end:
@rep:19
@time:28.927
@trys:4041400
@seed:86842271
@dps-begin:
18444,18135
8901
1764,17534
16281,12668
24906,6831
278,22455
3283
14869
24204
14409,16589
@dps-end:
@rep:20
@time:29.09
@trys:4041400
@seed:80650457
@dps-begin:
21366
3812
23688,13197,6647,20221
23638,2404
23311,16348
14982,22039,11946
1477,3923
7980,5551,21332
18728
235
@dps-end:
@rep:21
@time:29.224
@trys:4041400
@seed:78220001
@dps-begin:
17764
15517
1424
6132
23688,19608
20736,23089
10126,210
7818,15517
12171,17228,7741
21350,24365
@dps-end:
@rep:22
@time:28.96
@trys:4041400
@seed:74585729
@dps-begin:
14
16786,810,2355
11151,14132,14015
14786
4108
9867,11713,753
4108,21793
18832,17371,24741,21352
231,18280,18622
14600,22039
@dps-end:
@rep:23
@time:29.356
@trys:4041400
@seed:73852469
@dps-begin:
8066,792
23943
19603,812
1946
10825
21910,21937
810
10397
22638,19569
462,189
@dps-end:
@rep:24
@time:29.268
@trys:4041400
@seed:68750849
@dps-begin:
10839,18287
21914,9426
7809,8892
10810,3427
13507
24392
20509
11267,10714,20576,10744
1477,1019,13887
6406,1424
@dps-end:
@rep:25
@time:29.1
@trys:4041400
@seed:58160551
@dps-begin:
19604
8519
3337,11671
20227,17588
16016,3427
9548,3633,18622
22925,10424,849
4108,7666
18305
20663
@dps-end:
@rep:26
@time:28.855
@trys:4041400
@seed:45320477
@dps-begin:
19445
13189,18942
14,20257,23287
22999,20524
6936,6132
15827,11643
4108
16393
5654,23585
12296,20221
@dps-end:
@rep:27
@time:28.945
@trys:4041400
@seed:31913771
@dps-begin:
16449
8140
23016,11766
18566,5128
16640,5761,7401
12604
17213
15300
16073,14756
23943,12886,2286
@dps-end:
@rep:28
@time:29.08
@trys:4041400
@seed:24096223
@dps-begin:
23943,10028
14162
2473
13861,24880
15362,20047,23520
11024,17885,8029
7368,8275
15567
23696,14198
16579,18413
@dps-end:
@rep:29
@time:29.197
@trys:4041400
@seed:16980937
@dps-begin:
22403,17530
201
10592,18920,18299
6406,4365,12061
16603,11903
1860,20365
22503,14186
15493,17893,6951
17665,5145,19754
7634,15206
@dps-end:
@rep:30
@time:28.873
@trys:4041400
@seed:8261369
@dps-begin:
13984,21352
15517
18920,16447
14817,15220
21824,14318,1848
19631,14513
6400,2498
17474,21766
20227,24408
22275,23791,16695
@dps-end:
