@rep:1
@time:42.248
@trys:4041400
@seed:179424673
@dps-begin:
44492
42444,1271
17269,15350
23079
2057,7992
38798,446
6657,41033,36149
35148,26939
40207,43804,23222
31257,44210
@dps-end:
@rep:2
@time:42.22
@trys:4041400
@seed:125164703
@dps-begin:
14652
12153,35583
10678,44215
17344,37518
28071,24906
6016
26050,7173,35794
23234,30555,1180
43019,27660,8107
42726
@dps-end:
@rep:3
@time:42.061
@trys:4041400
@seed:132011827
@dps-begin:
41820
43809,2111
10661,34161,22837
23435,39867
35215
26163,28537
3148,28434
7989,893
42438
4046
@dps-end:
@rep:4
@time:42.427
@trys:4041400
@seed:124987441
@dps-begin:
16396,17293,14122
6541,35602,5330
17927,11402
6016,40459
13359,2617
29226,37695
39425,7818,22649,39036
43990,34156
34768,29913,21475
7555,15335,17259
@dps-end:
@rep:5
@time:42.847
@trys:4041400
@seed:123979721
@dps-begin:
7685
31117,34257,3817
5970
37446,14167,299
7600,4471
8777,23020
17247
8634,41044
23700,2502,4712
26245,27656,30123
@dps-end:
@rep:6
@time:42.567
@trys:4041400
@seed:119777719
@dps-begin:
10489
41769,4156
27761,24821
10194
34456,11682,38903
12346
26819,14737
16520,2661
3991,42340
3510,40296
@dps-end:
@rep:7
@time:42.711
@trys:4041400
@seed:117705823
@dps-begin:
21874,36730
35758
18308,11149
21974,30555,24040
35662,2617
20864,7691,27093
273
40781
157,24364,9724
29217,28257,27750
@dps-end:
@rep:8
@time:41.911
@trys:4041400
@seed:112131119
@dps-begin:
27795,17017
11090,37497
37633,34068
11461,8627
20898,4397,19757
22883,24621
38404,8389,16261,5654
9804,590,30555
881,8567
34396
@dps-end:
@rep:9
@time:42.329
@trys:4041400
@seed:108626351
@dps-begin:
20943
3718,16086
36481,16963
34518,9559,9948
39718,13362,17121
23168,18318
32650
8111,43125
37913,40423
5262,40745
@dps-end:
@rep:10
@time:42.226
@trys:4041400
@seed:107980007
@dps-begin:
385,35525
10489
16573
16153,20022
26784,38695
32429,25593
28519,17589
3556,25447,42799,44016
28897,37994
24456
@dps-end:
@rep:11
@time:42.752
@trys:4041400
@seed:106368047
@dps-begin:
6144,4382
34655,31344
14140
18522,35306,18871
2865,28278
547,39337
23369,36725
9156,31125,43645
32165,24112
43339,2111
@dps-end:
@rep:12
@time:42.517
@trys:4041400
@seed:99187427
@dps-begin:
34203,43487
385,9653
35289,34738
2271,15670
24016,241
37546
26250,7075
23581,9973
1737,2133
23464
@dps-end:
@rep:13
@time:42.576
@trys:4041400
@seed:98976029
@dps-begin:
13362
3808
7137
16584,12621
4902,34939
2527,25830,26367
26389,27859
34793
42438,3924
2457,95,43632
@dps-end:
@rep:14
@time:41.92
@trys:4041400
@seed:97875523
@dps-begin:
6016,31166
30646
6657,17765,2417,17656
24651
34947,5662
12621,35685,6696
23884,914,42557
40725,29521
14678,1118
22976,5699,17017,23673
@dps-end:
@rep:15
@time:41.908
@trys:4041400
@seed:96763291
@dps-begin:
21996
26789
24725,7933
24809,25727
27337,14219,12346
10834,42981,44462
43803,28582
42779
26247,30646,18774
42510,39128,30783
@dps-end:
@rep:16
@time:41.98
@trys:4041400
@seed:95808337
@dps-begin:
25140
14122
11162,23070
38345,16573
26068
8014
25771,19322
3591,44265
21960,42941
11769,5050
@dps-end:
@rep:17
@time:42.316
@trys:4041400
@seed:94847387
@dps-begin:
10512,20147
8310
16963
31029,16699
5022
28699,22642,26163
24602,17437,44325
6660,37072,25955
23266,938
13662,8672
@dps-end:
@rep:18
@time:41.708
@trys:4041400
@seed:87552823
@dps-begin:
27859,28582
16573
5962,20781
28888,19004
21458,23519
37785
15990
42002
390
36255
@dps-end:
@rep:19
@time:41.748
@trys:4041400
@seed:86842271
@dps-begin:
28085,21430
17365,4955
460,14073
26821,38885,22783
17978,21368
33089,2867
196,24725,20259
2394,26079,42292
2404,35317,35647
1805,39776,43874
@dps-end:
@rep:20
@time:42.496
@trys:4041400
@seed:80650457
@dps-begin:
23574,39128
38695
9551,27252
5721,36343
4811
20608,2950
34723,6184,24114,42303
37559,893
18186,39372,28509
25368,8674,11769
@dps-end:
@rep:21
@time:42.446
@trys:4041400
@seed:78220001
@dps-begin:
43804,893
18759,35962
17017,35069
355,5683
14630
43403,19118
24455,27303
35217,34086
35596
35777
@dps-end:
@rep:22
@time:42.617
@trys:4041400
@seed:74585729
@dps-begin:
29959,34655
30590
157
5221
10260,41146
12621
34913,36725
43595,9705,25081
29226,19901
7318,43512
@dps-end:
@rep:23
@time:42.4
@trys:4041400
@seed:73852469
@dps-begin:
200,26443,8032
33679,925
19295,16561,21620
6687
643,22926,938
25436,4220
9922,28309
24539,1065,19629
5188,16608,16369
9156,27416,1203
@dps-end:
@rep:24
@time:42.22
@trys:4041400
@seed:68750849
@dps-begin:
11682
34518,9724
30555
25140
3815
2222,30590
11594
23730
21919,44275
33357,11830
@dps-end:
@rep:25
@time:42.124
@trys:4041400
@seed:58160551
@dps-begin:
43480,16573
18112,2205,2088
13896,15889
944,29942
34244,3013,15370
16968,25528
18749,11340
35846,37281,21430
1473,39554
19757,34533,22772
@dps-end:
@rep:26
@time:42.398
@trys:4041400
@seed:45320477
@dps-begin:
30371
30371
8900,16365,44016
16003
17247,26735
9225
6016,8788,34518,6373
28106,26732,26685
2463,22893
39664,21874
@dps-end:
@rep:27
@time:42.268
@trys:4041400
@seed:31913771
@dps-begin:
34633,24561
16837,2824
28949,26710
43578,196
30558,26542
27656
4297,42205,1249,2549
17536,7339
37168
3508
@dps-end:
@rep:28
@time:42.099
@trys:4041400
@seed:24096223
@dps-begin:
7282
11271
39013
34962,36642
28956
35328,4847
19118,4156,16838
16258,35780,20575
16582,18261
11978,11682
@dps-end:
@rep:29
@time:41.957
@trys:4041400
@seed:16980937
@dps-begin:
14169
21012
23519,1065
22183
11841,23255
19676
24539,41203
2145,4073
12946,2589
40007,21996
@dps-end:
@rep:30
@time:41.874
@trys:4041400
@seed:8261369
@dps-begin:
28309
8014,22175
34319,10512
20992,29226
6176,2106
137,22976,43090
1746,8281,40232
16049,20539
24679
23020,1966
@dps-end:
