@rep:1
@time:39.531
@trys:4041400
@seed:179424673
@dps-begin:
6802,1947,28371
19461,6865,35802,23594
9013,40549
40621
13894,22094,37606,38507
23823
20746
13380,38122
4517,1131
35853,3800
@dps-end:
@rep:2
@time:40.031
@trys:4041400
@seed:125164703
@dps-begin:
18880
6412,19804
24984,26495
27347
25303,17947,4021
272,4988
21787,687,36795
1794,40205,671,43891
20746
20330,1843
@dps-end:
@rep:3
@time:40.292
@trys:4041400
@seed:132011827
@dps-begin:
13364
6923,42327
26309,8594,15766,9446,32042
26051,15619,5521,4502
44237,17192,46
2974,19324
41296,8418,35188,1845
27352,25213
16370,25342
19337,6412,28112
@dps-end:
@rep:4
@time:39.474
@trys:4041400
@seed:124987441
@dps-begin:
12375,9128,10290
18521,37240
5001,528,37682,22133
37138,37980,2492
33953,40932,1262
543,11242,34744
27015,33082,7678
3800,43503
22816,1196,4797
11957,44223
@dps-end:
@rep:5
@time:39.069
@trys:4041400
@seed:123979721
@dps-begin:
38467,37320,37360,24057
43669
22699,39679
15954,20781
9607,10448,14113,43818
31217,22969
98,14122
37572,14158,40612,17467
37029,20052
27015
@dps-end:
@rep:6
@time:39.526
@trys:4041400
@seed:119777719
@dps-begin:
27016,8586
791,17192
37644,24775,42850
3509,43260
22202,34901,16247
24321,34407,32639
15944,16529,20577
8589,42324,23067
677,25135,1095,5991,5498
10,5614
@dps-end:
@rep:7
@time:38.906
@trys:4041400
@seed:117705823
@dps-begin:
22755,34793,42347
21445,42385,34771,39654
22846
8465,28090,14571
17986,5637,16185
656,23990
9607,23594,37422
43724,4181,43508
34646,24631
36208,38448
@dps-end:
@rep:8
@time:39.22
@trys:4041400
@seed:112131119
@dps-begin:
41003
8586,15906
9373,41003,12915
32658,7627,5205
7686,22320
42418,22239
8033,29281
22839,34559
37682
43459,17081
@dps-end:
@rep:9
@time:39.188
@trys:4041400
@seed:108626351
@dps-begin:
8777,2035,22777
32454,9532
1843,21693
3468,82
17201,8396,3692
19942,374
16704,26698,9576
44391,29803,5553
23440
277,14830
@dps-end:
@rep:10
@time:39.312
@trys:4041400
@seed:107980007
@dps-begin:
7122,23385
23447,10927,8880,9144,23128
14158,21849,15083
22815
9731,13380,3243
20674,6498
7516,22432,5227
9646,11335
14101
26262
@dps-end:
@rep:11
@time:38.961
@trys:4041400
@seed:106368047
@dps-begin:
961,12129
29847,9569
4005,35633
36753
1580,8515
3606,23594,1069,21821
39316,38676,28598
42574,19802,40759,35453
21219,29412
17662
@dps-end:
@rep:12
@time:39.156
@trys:4041400
@seed:99187427
@dps-begin:
23597
18641,35680,17463
43713,15434,2317
19731,34584,10927,8702
3009,13494
2317,9772
6241,27626,5614
11545
3717,37743,10493
4492,44129,4221
@dps-end:
@rep:13
@time:39.351
@trys:4041400
@seed:98976029
@dps-begin:
35344,22119
23823,1913,28090
5413,24828
2560,8352
24108,1272
9882
44122,1643
32833,6504,5564
36482,23993,34769
22298,21219,10096,2417,18102
@dps-end:
@rep:14
@time:39.266
@trys:4041400
@seed:97875523
@dps-begin:
25696,3570,1785
7776,28257
548,21821
22718,42310
5020,9569,1447,38901
23775,27875
9871,6338,3522
38733,5457,12820,39638,35324
9664,36174,13403,38516
26066,19808,37289,24059
@dps-end:
@rep:15
@time:39.765
@trys:4041400
@seed:96763291
@dps-begin:
29763,43181
34119,24277
650,23435,8029,38507
6390,26232,4412
29074,170
8074,36795,9290,24910
39408,20211
27622
36659
8342,14705,14388,9018
@dps-end:
@rep:16
@time:39.073
@trys:4041400
@seed:95808337
@dps-begin:
17920
28527,20848
530,38774
4130,10797,18489
10826,34035
374
23823
3172
5003,43032,21445
42255
@dps-end:
@rep:17
@time:39.548
@trys:4041400
@seed:94847387
@dps-begin:
9802,41804,1881,7224
1228,41263
36148,4664,4540
12525,23407,33402
38467,18070,4464
24967,13246
26055,17737,16255
34947,4705
39026,36531
7312,25457
@dps-end:
@rep:18
@time:39.304
@trys:4041400
@seed:87552823
@dps-begin:
25205
20242,39323
32523,43680
11820,82
34267
19207,5797,14250
24732,26473,23730
11242,4021
39426,34954,6458,18542
26091
@dps-end:
@rep:19
@time:38.959
@trys:4041400
@seed:86842271
@dps-begin:
35465,17397,39543
23955
16902,21849,5482
10272,22692,10920
10116,1716,23369
17088,15498,6989,26579,17302
35785,23461
6989,24910,1529
42003,35867,35888
36482,17053,22895,17008
@dps-end:
@rep:20
@time:39.145
@trys:4041400
@seed:80650457
@dps-begin:
25778
22816,23597,18612,16462
42426,4540,33605
4492,39510,32475
17386,8234,9022
5825,30308
24559
21811
29526,11957
19105,42073
@dps-end:
@rep:21
@time:39.33
@trys:4041400
@seed:78220001
@dps-begin:
38467,5131,23955
1283,31271
25871,1557,27456
4383,40407
38146,14603,37360
18227,830
31142,40308,17471
40612,9013
22390,22780,7037
36908,33086
@dps-end:
@rep:22
@time:39.324
@trys:4041400
@seed:74585729
@dps-begin:
34375,10
43181
6446,37867
42309,9329
6484,6172
6338,39697,30628,35114
17377
1785
25473,9908,35026,3159
16580,16774
@dps-end:
@rep:23
@time:39.366
@trys:4041400
@seed:73852469
@dps-begin:
7314,8418
4680,11545,40823
38368,11444
17800,1231
2993,17075
36038,44233
7339,30127
23250,27606
26051,42347
202,38860
@dps-end:
@rep:24
@time:38.865
@trys:4041400
@seed:68750849
@dps-begin:
36753,23955
15947,25556,5482
28992,17099,42592
36531,33507
20242,28212,21320,35324
35213,4441,12540
26437,18351
1544,19629,8686
8074,10863
3800,10461
@dps-end:
@rep:25
@time:39.095
@trys:4041400
@seed:58160551
@dps-begin:
14080,41231,1122
35465
21445,26704
6661,29074,33317
44046,42385
708,6412,22654
41167,44322,34543,34046
4371,27078,25944
7122
3087,1948,7082
@dps-end:
@rep:26
@time:38.938
@trys:4041400
@seed:45320477
@dps-begin:
1557,255
42563,41131
43460,35360,2483,18485
12996,8853
24631
17226
20687,5413
37748,8574
43026,12361
39235,22692,3056
@dps-end:
@rep:27
@time:40.151
@trys:4041400
@seed:31913771
@dps-begin:
34058,23385
24984,20027,25181
35633
10914,35114,26493
9994,5003,18082,38515
34343,7732
22866,35633,25969
42797,1994
39302,17192
40463,39601
@dps-end:
@rep:28
@time:39.338
@trys:4041400
@seed:24096223
@dps-begin:
8193,2403,39679
2546
9802
25230,2101
41775,196
43777,10797
41231,36659
35137,6563,24997,17467
21812,16194,38856
8453,18399,37681,34550
@dps-end:
@rep:29
@time:39.559
@trys:4041400
@seed:16980937
@dps-begin:
26165
6479,19629
43928,7012,2160
3528,10195,29803
16832,5554,23350
8458,2272,43874,17192,28024
1272,23930
714,35864,34267,36571
42309
17377
@dps-end:
@rep:30
@time:39.475
@trys:4041400
@seed:8261369
@dps-begin:
23730
18880,7814,37489
24725
5812
4673,30935
18973,28090
26437,24283,27387
34769,19041,15991
21660,20781
14210,17966,6461
@dps-end:
