@rep:1
@time:16.828
@trys:4041400
@seed:179424673
@dps-begin:
732
118
1347
40,235
278,1505
1573
681,1911
211,1254
1985,1505,482
40,1739
@dps-end:
@rep:2
@time:16.591
@trys:4041400
@seed:125164703
@dps-begin:
482
40,684
1733,993
684
788
2256,235
1503,681
1028,1797,1503
764
188,66,1911
@dps-end:
@rep:3
@time:16.973
@trys:4041400
@seed:132011827
@dps-begin:
390,40
1514,118
593,118
1797,788
392,118
562,993
788,278
390,1629
211
342,1765
@dps-end:
@rep:4
@time:16.763
@trys:4041400
@seed:124987441
@dps-begin:
1347
390,2275
1347,1658
144,1658
40,2099
615
278,2615
2099
1026,235
615,767
@dps-end:
@rep:5
@time:16.714
@trys:4041400
@seed:123979721
@dps-begin:
390
681
1765
788,2040
930,1514
2255
278,233
144,2275
1026
233
@dps-end:
@rep:6
@time:16.638
@trys:4041400
@seed:119777719
@dps-begin:
811
2456
684
1573
593
681
1797,593
2822,1911
2333
1573,682
@dps-end:
@rep:7
@time:16.576
@trys:4041400
@seed:117705823
@dps-begin:
732
482
235
1028,2333
732,2158
2333
2099
1629,482
1543,482
2362
@dps-end:
@rep:8
@time:16.827
@trys:4041400
@seed:112131119
@dps-begin:
40
40
1347
2256
1733
1026,993
2133,682
146
188
233
@dps-end:
@rep:9
@time:16.774
@trys:4041400
@seed:108626351
@dps-begin:
1505
1514
2256
684,2735,732
732,1251
1505,2282
2393,2735
211,684
40,1658
1514,191
@dps-end:
@rep:10
@time:16.793
@trys:4041400
@seed:107980007
@dps-begin:
1028
2456
144,40
1733
2256
993,1514
993
392,1573
1911,1277
482,1585
@dps-end:
@rep:11
@time:16.823
@trys:4041400
@seed:106368047
@dps-begin:
1685
146,2735
390,2735,2615
684,2275
811,2682
993,2362
2133
1802,2735
764
390,2735,562,1254
@dps-end:
@rep:12
@time:16.929
@trys:4041400
@seed:99187427
@dps-begin:
1514
2456
2456
1347
1685
1573
593
278,235
1765
681
@dps-end:
@rep:13
@time:16.935
@trys:4041400
@seed:98976029
@dps-begin:
732
2256
235
684,1911
2615
484
1505,1909
788,569
146,1683
851,1505,2551
@dps-end:
@rep:14
@time:16.801
@trys:4041400
@seed:97875523
@dps-begin:
40
390,1514
1251,40
2216,811
732,764
1458,484
471,2219
471,157
811,1271
2333,1251
@dps-end:
@rep:15
@time:16.791
@trys:4041400
@seed:96763291
@dps-begin:
40,684
1733
684,471,482
2099,732
1028,2275
615
1254,1190
2333
2456,1271
732,885
@dps-end:
@rep:16
@time:16.948
@trys:4041400
@seed:95808337
@dps-begin:
732
390
1685
1733
144,1514
1026,1797
2099
1299,1765
1765,2798
788,2120,2256
@dps-end:
@rep:17
@time:16.909
@trys:4041400
@seed:94847387
@dps-begin:
482
482
2615
681
2099
392,2133
2275,2615
2362
144,2589
764
@dps-end:
@rep:18
@time:16.949
@trys:4041400
@seed:87552823
@dps-begin:
1254
684,1505
2333,1514
681,471
681
2133,1251
834,40
1955,1254
2101,118
788,2087,118
@dps-end:
@rep:19
@time:17.25
@trys:4041400
@seed:86842271
@dps-begin:
1254
1028
1685,993
235
278
392
1985,482
2615
471,242
484,1190
@dps-end:
@rep:20
@time:16.854
@trys:4041400
@seed:80650457
@dps-begin:
2735
1733,471
2615
2099
2099
2099
1681,2735
213,1503
520,732
278,1723
@dps-end:
@rep:21
@time:16.658
@trys:4041400
@seed:78220001
@dps-begin:
2256
392
615,1911
562,188
40,248
1985,2615
2065,1765
681,2275
2099
1505,737
@dps-end:
@rep:22
@time:16.895
@trys:4041400
@seed:74585729
@dps-begin:
2456
2456
788
1026,1505
1821,811
471,2287
262
2099
1731,2456
811,1839,1254
@dps-end:
@rep:23
@time:16.969
@trys:4041400
@seed:73852469
@dps-begin:
732,1573
684
788
1685
392
2615
482,2553
1797,1573
262
811,698
@dps-end:
@rep:24
@time:16.775
@trys:4041400
@seed:68750849
@dps-begin:
2456
788
2333,1254
1765
2333
278,1894
2735,571,1505
1797,2099
2099
1254,43
@dps-end:
@rep:25
@time:16.748
@trys:4041400
@seed:58160551
@dps-begin:
1028
1028
482
1733
2255,1765
262,1254
471,1715
1028,1192
1739,2456
1503
@dps-end:
@rep:26
@time:17.084
@trys:4041400
@seed:45320477
@dps-begin:
1911
2456,2615
2256
2256,471,235
484
2333,1503
188,1733
1503
146
2629,2822,471
@dps-end:
@rep:27
@time:17.068
@trys:4041400
@seed:31913771
@dps-begin:
811
684
788
811,188
593
2333
1505,802
2099
262
1503
@dps-end:
@rep:28
@time:16.728
@trys:4041400
@seed:24096223
@dps-begin:
1911
1911
788
1765
1893,40
1192,1911
1807,993
2255
144,1821,1573
1549,144
@dps-end:
@rep:29
@time:16.552
@trys:4041400
@seed:16980937
@dps-begin:
811
811
684
235
278
1985,1911
1797
682,311
1177,1733,732
684,2287,118
@dps-end:
@rep:30
@time:16.602
@trys:4041400
@seed:8261369
@dps-begin:
2735
118
681
2216,1911
1344,1573
1797,233
1514,2738
1503
146,615,681
1344,2198
@dps-end:
