@rep:1
@time:34.552
@trys:4041400
@seed:179424673
@dps-begin:
19797
7217
24217
11395,7161
9941,18860
3368,1711
3824
14187
1592
23985
@dps-end:
@rep:2
@time:36.14
@trys:4041400
@seed:125164703
@dps-begin:
16327
6204
1225
1805,3364
9560
11807
22405,13480
6367,5743
22405,14646
1183,15603
@dps-end:
@rep:3
@time:34.98
@trys:4041400
@seed:132011827
@dps-begin:
14458
1717
14985
16858,14187
14476,16949
9634,17141
21855
22917
21580,8429
24476
@dps-end:
@rep:4
@time:34.094
@trys:4041400
@seed:124987441
@dps-begin:
2725,22142
12362,3278
21772,16591
18535
4582
19074,7527
13387,19260
16037,20780
6284,21842
16023,2943
@dps-end:
@rep:5
@time:34.164
@trys:4041400
@seed:123979721
@dps-begin:
1741
12181
4716
23127,24303
11495,6776
6021,7544
12362
17847,21560
11926,5492
20939,13309
@dps-end:
@rep:6
@time:34.084
@trys:4041400
@seed:119777719
@dps-begin:
15149
14648,6477
24476,14256
20614,4582
22405,15501
4911,18410
21580,2098
10944,1626
12293,14648
7772,25009
@dps-end:
@rep:7
@time:33.707
@trys:4041400
@seed:117705823
@dps-begin:
11470,1116
17935,24919
18846,14971
11492
6677,24303
16000,4579
7060,497
18838,9527
14368,24486
5994
@dps-end:
@rep:8
@time:33.983
@trys:4041400
@seed:112131119
@dps-begin:
729
13442,20562
16050,21754
14863,23219
4704
18976
22856,9115
1153,16907
2070,5672
10513
@dps-end:
@rep:9
@time:33.743
@trys:4041400
@seed:108626351
@dps-begin:
6357
20397,9210
5280
15417
19122
21772,2807
12827,11775
12243,18535
18860,2549
8042
@dps-end:
@rep:10
@time:33.828
@trys:4041400
@seed:107980007
@dps-begin:
13342
13500
22361,13500
21038,23406
19752
18535
4582
13074
12594,511
19032,19176
@dps-end:
@rep:11
@time:34.8
@trys:4041400
@seed:106368047
@dps-begin:
13724
13500
9539,6440
11439
3824
16591,13597
22531
7065,13856
24217,14669
13379,20987
@dps-end:
@rep:12
@time:35.291
@trys:4041400
@seed:99187427
@dps-begin:
2835,6357
20175,24919
2707,6640
7624
19610,9210
25052,23329
18930,12284
391,62
7989
11395,23016
@dps-end:
@rep:13
@time:33.926
@trys:4041400
@seed:98976029
@dps-begin:
10560,5280
2562,17179
5492
670
8452,23404
22287,13680
17737
7250,9405
23942,12585
331,2650
@dps-end:
@rep:14
@time:33.568
@trys:4041400
@seed:97875523
@dps-begin:
13500
17733
17383
4209
1626
11465,6837
2098,1502
16708,24751
13721
12069,12284
@dps-end:
@rep:15
@time:33.803
@trys:4041400
@seed:96763291
@dps-begin:
22484,5356
2730,19772
9860,14256
2116,18536
19727,3688
17522,24308
23997,6516
17141
19907,24936
11157,11692
@dps-end:
@rep:16
@time:33.732
@trys:4041400
@seed:95808337
@dps-begin:
16800
24533
1294,9529
13234,14458
2320,939
2243,13984
10592,17141
1741,12252
22288,4559
24255,24703
@dps-end:
@rep:17
@time:33.797
@trys:4041400
@seed:94847387
@dps-begin:
1441
1931,10747
11716
3824
15267,22456
11109,8571
13505,7769
10717,5546
19293,18552
16448,25044
@dps-end:
@rep:18
@time:34.056
@trys:4041400
@seed:87552823
@dps-begin:
16895
6819,4716
1088,8318
21031
13562
19347,5663
22841,19031
10955,23477
4559,24434
18947,21296
@dps-end:
@rep:19
@time:34.608
@trys:4041400
@seed:86842271
@dps-begin:
6640
14870
21021,8498
5663
17883
18334
2223,11465
4236
375
15043,8057,22142
@dps-end:
@rep:20
@time:34.323
@trys:4041400
@seed:80650457
@dps-begin:
13382
2223
9093
23129
391,16500
1928,18552
19122,1394
13571,10294
6819
15619
@dps-end:
@rep:21
@time:35.561
@trys:4041400
@seed:78220001
@dps-begin:
21772
18206,16800
12362
23893
9500,13426
14727,19501
6489,1213
15798,22201
6738,12181
2349,18623
@dps-end:
@rep:22
@time:33.959
@trys:4041400
@seed:74585729
@dps-begin:
14043
20036
21217,9854
13322,3342,17203
16386,12769
20105,25106
9226,6264
25015,24824
2381,8429
13480,23084
@dps-end:
@rep:23
@time:33.561
@trys:4041400
@seed:73852469
@dps-begin:
1741
18058,7262
19010,3419
829,20058
16841,13337
1225,11495
21382,14476
23193,14185,2031
23946,14951
22976,1294,8409
@dps-end:
@rep:24
@time:33.996
@trys:4041400
@seed:68750849
@dps-begin:
8971,18653
20397
1460
14599,13387
4517,2800
20780,9396
24300,24889
22917,11775
19752,14262
13342,14579
@dps-end:
@rep:25
@time:34.211
@trys:4041400
@seed:58160551
@dps-begin:
1568
1294
17844
20025,14185
13074
21450,7954
12460,14458
2243,14160
21217,8163
4514,18275
@dps-end:
@rep:26
@time:34.048
@trys:4041400
@seed:45320477
@dps-begin:
9422
12102
4196
8097,14450
11692,16450
18331,4582
1775
16284
19100
14537,17101
@dps-end:
@rep:27
@time:34.107
@trys:4041400
@seed:31913771
@dps-begin:
4254,11775
12043,1741
11679,4848
8571
1741,4071
14724
7820,1052
20939,5478
10625,15408
13897
@dps-end:
@rep:28
@time:34.502
@trys:4041400
@seed:24096223
@dps-begin:
4264
14727
18840
24215
24159
9613,25106
1592
5635,8042
20887,1899
5663,813
@dps-end:
@rep:29
@time:34.12
@trys:4041400
@seed:16980937
@dps-begin:
14727
16539
19843,7877
6953
23276
5915,17141
13721,4196
11395,7954,13595
14476,16510
20780
@dps-end:
@rep:30
@time:33.594
@trys:4041400
@seed:8261369
@dps-begin:
16858
9539
6645,14458
3332,14458
14724
21127,16648,18203
16987,24678
1749,19772
20678,9298
23477
@dps-end:
