@rep:1
@time:80.195
@trys:2061400
@seed:179424673
@dps-begin:
39078
3379
20292
54504,64763
65168,48174
20439
49035
36152
35725
54048,23274
@dps-end:
@rep:2
@time:79.555
@trys:2061400
@seed:125164703
@dps-begin:
59383
36593,68350
63944
63944
72064
30530,44195
99365,25384
52636
26549
37616
@dps-end:
@rep:3
@time:79.888
@trys:2061400
@seed:132011827
@dps-begin:
26110
51121,46093
48096
41047
20436
61605,36408
42640,20740
62039,38344
56864,48741
23371
@dps-end:
@rep:4
@time:79.633
@trys:2061400
@seed:124987441
@dps-begin:
20615
48096
62018,36293
22242,35725
22206
20292
80771,44232
41982
22016,38056
66531,97086
@dps-end:
@rep:5
@time:79.963
@trys:2061400
@seed:123979721
@dps-begin:
48096,69698
20513,49481
49481
20292
42950
38914,40379
71756
20921
21906,48843
42455,8891
@dps-end:
@rep:6
@time:79.468
@trys:2061400
@seed:119777719
@dps-begin:
56173
26549,30038
42347
69045,24895
20439
24879
45306,27339
27956,20205
24653
25185
@dps-end:
@rep:7
@time:80.527
@trys:2061400
@seed:117705823
@dps-begin:
74597
65733,77065
25268,42654
64996,20740
38344,22222
47516,20205
37618
60584
25185
99365
@dps-end:
@rep:8
@time:79.43
@trys:2061400
@seed:112131119
@dps-begin:
29893
29893
70374,56857
68791
20292
49481
44073
39078
42950
44073,89758
@dps-end:
@rep:9
@time:79.454
@trys:2061400
@seed:108626351
@dps-begin:
48096
42547
3379
22076
42950
52262
25716
54764
22601
56439,25864
@dps-end:
@rep:10
@time:79.878
@trys:2061400
@seed:107980007
@dps-begin:
46093
22076
22206
80001,52262
36210
22224
4325,68043
37585,25619
27716,55307
37539,74406
@dps-end:
@rep:11
@time:79.615
@trys:2061400
@seed:106368047
@dps-begin:
42950
24802
41047,29247
72064,43677
49481,68043
24624,26706
27221,40025
66531
20921
47475
@dps-end:
@rep:12
@time:79.906
@trys:2061400
@seed:99187427
@dps-begin:
55807
20208,21218,55894
64073
92688,40174
26534,68937
72064
26634
28624,23702
20513,23634
20789,48204
@dps-end:
@rep:13
@time:79.609
@trys:2061400
@seed:98976029
@dps-begin:
24802,72621
38631,44618
68791,70797
20119,65592
65107,21416
30740,20615
71756
53474,66006
68775,25756
21906
@dps-end:
@rep:14
@time:80.076
@trys:2061400
@seed:97875523
@dps-begin:
55307
26929,38483
41950
20439
22689,37618
20297,36108
40203,70815
77521,23253
92688,26117
29584
@dps-end:
@rep:15
@time:80.059
@trys:2061400
@seed:96763291
@dps-begin:
24332
73888,29893
44073
39078
65107
41982
48741
69030,21535
39895,25583
33078,43510
@dps-end:
@rep:16
@time:80.413
@trys:2061400
@seed:95808337
@dps-begin:
22242,53474,77065
20791
66531
20439
44000,52262
69845,78107
45744
74406
3,20550
47475,69508,58169
@dps-end:
@rep:17
@time:79.362
@trys:2061400
@seed:94847387
@dps-begin:
20436,26390
109095
75315,21107
28585
54586
25185
57593,43610
61966,24606
27930
61718
@dps-end:
@rep:18
@time:79.997
@trys:2061400
@seed:87552823
@dps-begin:
26110
29850,52636
36289,36293
31207
32593
28529,5486
52387,38822
22016,20561
21107,3419
54504
@dps-end:
@rep:19
@time:80.102
@trys:2061400
@seed:86842271
@dps-begin:
24802
42347
42547
74597,4325
45744,21471
70183,38221
54469,38221
30038,63720
22601
24624
@dps-end:
@rep:20
@time:79.808
@trys:2061400
@seed:80650457
@dps-begin:
24332
69698,56024
23168,99926
23705
24802
68578
42574
21747,75496
21909,31
42746
@dps-end:
@rep:21
@time:79.291
@trys:2061400
@seed:78220001
@dps-begin:
24802
109095
23516
99365,108742
3092,38998
23168,23967
92688,22597
30945,52262
21471
68775
@dps-end:
@rep:22
@time:80.186
@trys:2061400
@seed:74585729
@dps-begin:
23705
79969,41257
4850,45689
71756
54504
48297
56021
42576,42654
78064,56591
36289,38847
@dps-end:
@rep:23
@time:79.628
@trys:2061400
@seed:73852469
@dps-begin:
68791
4325,51197
35016,76442
30038
42574
61521,25028
73888,74245
99365
54027
45349
@dps-end:
@rep:24
@time:79.838
@trys:2061400
@seed:68750849
@dps-begin:
20615,54764
76272,22242
42547
24802
42547
36210,50697
48741,42298
65107,4948
20439
74597
@dps-end:
@rep:25
@time:80.49
@trys:2061400
@seed:58160551
@dps-begin:
21218
64073
64073
23705
70884,72716
73012,67814
25189,36454
20205
50009
52636
@dps-end:
@rep:26
@time:79.776
@trys:2061400
@seed:45320477
@dps-begin:
55307
69216,39800
25716
56024
90568,63339
76272
28585
48096,20695,27847
74791,33422
25185,25460,82184
@dps-end:
@rep:27
@time:79.491
@trys:2061400
@seed:31913771
@dps-begin:
29893
49481
24802
49481
25744,71832
72064
52262
25716
29047
69698,61718
@dps-end:
@rep:28
@time:80.426
@trys:2061400
@seed:24096223
@dps-begin:
38056,54586
70195,65279
35725
66531
109095
26752,30592
77521,90398
27709,41247
26352
36408
@dps-end:
@rep:29
@time:79.485
@trys:2061400
@seed:16980937
@dps-begin:
38144,27496
20791
23705,43677
4850,21747
36210
74597
72064
109095
42080,21535
47516,20205,71756
@dps-end:
@rep:30
@time:79.649
@trys:2061400
@seed:8261369
@dps-begin:
20791
52387,39806
90998,26633
35725
49035
23516
31207
24608,51467
73012,24719
21749,36447
@dps-end:
