@rep:1
@time:42.845
@trys:4041400
@seed:179424673
@dps-begin:
21109
11751,6517
23992,13497,7868
17095,15967
2321,14696,12394
21645,21034
19477
1125,19815,24883
5117
21830,2705,8634
@dps-end:
@rep:2
@time:42.589
@trys:4041400
@seed:125164703
@dps-begin:
24478,4845
7574,5090
20106,14688
23061,15220
6745,19240,17590
23801,635,13246
844,16345,19687,5293
13376,8026
14144,19807
22403,586,9771
@dps-end:
@rep:3
@time:42.703
@trys:4041400
@seed:132011827
@dps-begin:
4362,12202,4673
22403,15111,14688,1129
12457,18732,10824
15446,16091,13024
3616,23666
13477
1740
97,19818
23194,1659
19045,14134
@dps-end:
@rep:4
@time:43.414
@trys:4041400
@seed:124987441
@dps-begin:
6380
23870
23296,6380
13319,4876,7712
24472
13129,8782,15220
10530,21368
22411
21025
23860,15816,12394
@dps-end:
@rep:5
@time:43.118
@trys:4041400
@seed:123979721
@dps-begin:
4362
8397
16123
20129,6262
1221,10014
9771,22194
11586
16926
17069
24641
@dps-end:
@rep:6
@time:43.248
@trys:4041400
@seed:119777719
@dps-begin:
5547,7155
13322,23100
297
22403,12454,4565
13198
218
23527
140,5604
15220
19409,21458,2157
@dps-end:
@rep:7
@time:43.165
@trys:4041400
@seed:117705823
@dps-begin:
19157
2885,9671,23239
17442,23033,22975
9741,19568
3946
1219
2321,7067
11341,16558,249
13198,15328,19694,5885
13129,4313
@dps-end:
@rep:8
@time:42.557
@trys:4041400
@seed:112131119
@dps-begin:
15269,12669
4845,14195
16186
12457
13129
13279,7909
20533,13397
4845,22261,13628
17671,7446,24475,1621
24136,5522,16189
@dps-end:
@rep:9
@time:42.257
@trys:4041400
@seed:108626351
@dps-begin:
17833
24337
7061,12744,19699
2040
11337,9512,17590
6978,5347
18871,5203
10503,10574,14100
17768,5110
5293,13541
@dps-end:
@rep:10
@time:42.94
@trys:4041400
@seed:107980007
@dps-begin:
8397,10574
14100,23277
9733,20361
15080
24472
14114,15586
24280,16125
23899,13477
10618
2051,15481
@dps-end:
@rep:11
@time:42.742
@trys:4041400
@seed:106368047
@dps-begin:
2580,16309
14195
16409,4408,2040
7446,13018
13773,3069
18316,22371
11228
12364,23098
9877,5547,5736
16588,1433,2303
@dps-end:
@rep:12
@time:42.982
@trys:4041400
@seed:99187427
@dps-begin:
5604
6669,16992
10566
23702,14114
7213,20300,15967
11627,3243
20484,18954,21005
13834,11751,18939
5761,18120
16038,7783
@dps-end:
@rep:13
@time:42.749
@trys:4041400
@seed:98976029
@dps-begin:
19269,6669,1053
3357,17317
13196
24389
23328,12647
2242,1850
24268,9045,23194,668,19699
16641,1091,1481
13773,20799
12317,5110
@dps-end:
@rep:14
@time:42.916
@trys:4041400
@seed:97875523
@dps-begin:
8464
190,8398
13892
19,22463
24646,10014,20596
14457
14457
15570,9771,4408
2116,4745,15197,169
6745,15578
@dps-end:
@rep:15
@time:44.243
@trys:4041400
@seed:96763291
@dps-begin:
4487
21109
21585,16562
9733,8904,7737
8748,22324
10574,11611,20449
1091,18789
13829
13106,10618
5497,16253,10494
@dps-end:
@rep:16
@time:43.338
@trys:4041400
@seed:95808337
@dps-begin:
15491,21766,21797
4362,22304
18511,16341,10784
6669,17952,15541,24699
12744,11743,15915
6852,6920
15599,7348,9654
22151,18443
14134
7380
@dps-end:
@rep:17
@time:42.689
@trys:4041400
@seed:94847387
@dps-begin:
12596,19061
13114,17613
1846
16327
12239,24631
9791
12239,10461
18443,4503,10553
18650,6879,23846,1450
14035,22613,21214,97
@dps-end:
@rep:18
@time:42.579
@trys:4041400
@seed:87552823
@dps-begin:
1450,746
18836,13497
8140
721,6765,14007
6288,24337,13847,23846
20929,11228,23842
581,13887
22165,16189
21714,21737
12171,17690
@dps-end:
@rep:19
@time:42.584
@trys:4041400
@seed:86842271
@dps-begin:
7574,2353
2072,13129
16091
16258,13024
974,17690
21025,12276
17378
16363,10491
6998,18522
13833,4303
@dps-end:
@rep:20
@time:42.411
@trys:4041400
@seed:80650457
@dps-begin:
16976,15080,14696
7380,12886,169
14453
6671,22482
13719,10566
23436,45,7254
21766,24136,8748
13319
23695,277
5509,15640,21368
@dps-end:
@rep:21
@time:43.097
@trys:4041400
@seed:78220001
@dps-begin:
24912,22674,169
17494,13347
13833,14453,10494
19440,19832
22643,17531
19,19498
21737
21643,3503,6879,19812
18312,24280,19568
24268
@dps-end:
@rep:22
@time:42.733
@trys:4041400
@seed:74585729
@dps-begin:
2321,16304
18120
24988,17531
4362,22182,14696,19645
23840,17466,23141
12521,13354,23027
1294,17660
3846,19583
17736,20751,2802
7623,4049,15328
@dps-end:
@rep:23
@time:43.018
@trys:4041400
@seed:73852469
@dps-begin:
14100,21718,16091
21645,8527
2296
4126,23870
13024
9729,15986
16314,24429
218
5986
24282,2024
@dps-end:
@rep:24
@time:43.765
@trys:4041400
@seed:68750849
@dps-begin:
6671,9135,2491
23896
24453
19583
6011
23436,11738
12239,23520,16357,5885
14114,23127
8833,7495
4362,52
@dps-end:
@rep:25
@time:42.651
@trys:4041400
@seed:58160551
@dps-begin:
5509,24637,21966
6957
18176,4483,22613
12061,24802
24003,14688,15739
16272,7868,23741
21718
14179,14185,15605
6560,1506
1294
@dps-end:
@rep:26
@time:42.839
@trys:4041400
@seed:45320477
@dps-begin:
22613
16327,23211
2157,6968
15080
24472,15425
24282,17391
9863,18836
15788,7155
19832,23100,6717
4385,4087
@dps-end:
@rep:27
@time:42.948
@trys:4041400
@seed:31913771
@dps-begin:
1053
15528,2303
23870
22482,23027
16272,13114
11145,6669
21771,5743
21546,9652
22317,12271,11704
23100,23122,22139
@dps-end:
@rep:28
@time:42.614
@trys:4041400
@seed:24096223
@dps-begin:
24453,13198,18835
729
965,17069
20226,25175,297
19477
8751,6349
12239,24275,19864
18781,19240,3756
2160,8122
21774,21079
@dps-end:
@rep:29
@time:42.418
@trys:4041400
@seed:16980937
@dps-begin:
540,1332
17603,6861
645,9625,9703
4867,18450,16341,4332
21912,17466,23889
5090
249
18954
6517,10494
10574,13918,12133
@dps-end:
@rep:30
@time:42.701
@trys:4041400
@seed:8261369
@dps-begin:
3846,1780
20100,540,17597
22463,14429,17652
18250,15606,17597
24817,22463
6575,10808,14824
7061,24860
16041,12022
20416,9411
21458
@dps-end:
