@rep:1
@time:16.543
@trys:4041400
@seed:179424673
@dps-begin:
2837
2831
2873
2820
2697,3757
5376,2863
3078,2832,2801
445
2697,1340
4657,2794
@dps-end:
@rep:2
@time:16.227
@trys:4041400
@seed:125164703
@dps-begin:
2678
1423
2717,2875
5179,125
2827,2715
37,2794
2691,190
845
2717,1957
1094,3125
@dps-end:
@rep:3
@time:16.465
@trys:4041400
@seed:132011827
@dps-begin:
2697
2685
847,5355
2787,3749
1423,1468
1480
2755,2678
2781
4621,2863
3523,1498
@dps-end:
@rep:4
@time:16.376
@trys:4041400
@seed:124987441
@dps-begin:
1077,2873
5443,828
4626,1333
362,125
2688,3749
195,52
2701,3103
5519,39,2796
1609,2832,2673
2964,2876
@dps-end:
@rep:5
@time:16.441
@trys:4041400
@seed:123979721
@dps-begin:
2717,2875
2715,2849
4625
2698,3732
1432,4320
2847,1468
2819,2853
2688,3693
4333,2868
1289,316
@dps-end:
@rep:6
@time:16.359
@trys:4041400
@seed:119777719
@dps-begin:
2677
2674,4468
2890,1209
4366,2806
2829,1436
2309
3973,2682
4117,5448
2208
3381
@dps-end:
@rep:7
@time:16.483
@trys:4041400
@seed:117705823
@dps-begin:
2811
2796
2697
3994,2673
4625
2697,2838
3752,4978
1480,3415
2838,2739,3070
2863,3125
@dps-end:
@rep:8
@time:16.215
@trys:4041400
@seed:112131119
@dps-begin:
2863
2863
2710
2823,2864
2823
2717,4919
1417
2893,2685
1872,2677
5443,2863
@dps-end:
@rep:9
@time:16.447
@trys:4041400
@seed:108626351
@dps-begin:
2813
3410
1307,1316
5580,2673
4866,1925,2677
4310,2849
2774,2781,2811
1307,3415
2781
2832,564
@dps-end:
@rep:10
@time:16.45
@trys:4041400
@seed:107980007
@dps-begin:
2864
1333
52
4997,52
2805,2682
4810,5808
5333,2709
1412,2680
2824,312,2685
2881
@dps-end:
@rep:11
@time:16.684
@trys:4041400
@seed:106368047
@dps-begin:
2717,2808
5345,1457
2837,2845,4657
3550,2861
1318,5355
2820,445
837,5311
4661,2677
1672,3534,2847
4119,296
@dps-end:
@rep:12
@time:16.676
@trys:4041400
@seed:99187427
@dps-begin:
2701
2875,2814
238
2823
2688,2890
1316,5342
845
1478
1480,3415
2845,312
@dps-end:
@rep:13
@time:16.379
@trys:4041400
@seed:98976029
@dps-begin:
2863
2813
2850
2691
2783,2868
2879
2691,2868,2879
2823
2694,2001
2691,3226
@dps-end:
@rep:14
@time:16.306
@trys:4041400
@seed:97875523
@dps-begin:
2673
2801
2697
2861
2688,4082
1307,4407
2513,2677
2831,4690,5225
2697,5048
5397,2845
@dps-end:
@rep:15
@time:16.229
@trys:4041400
@seed:96763291
@dps-begin:
2850
4366
2883,2827
2837,3755
1480,5369
2694,2045
2832,5421
2705,1727
3405,2861
2697,2717,5369
@dps-end:
@rep:16
@time:16.468
@trys:4041400
@seed:95808337
@dps-begin:
2813
2698
1333
2678,2814
2817
52
4690,125
1496
4690
237,1463
@dps-end:
@rep:17
@time:16.427
@trys:4041400
@seed:94847387
@dps-begin:
2832
4366
1307
2634,2677
5581,2861
1508,2796
4366,2837,237
2845
2842,3879,2879
2723,3571
@dps-end:
@rep:18
@time:16.504
@trys:4041400
@seed:87552823
@dps-begin:
2849
2698
2715
4366,2876
2787
2907,2867
2715,5559,2682
2697,4028
4305,4468
1282
@dps-end:
@rep:19
@time:16.545
@trys:4041400
@seed:86842271
@dps-begin:
2837,2787
2801
2840,3534
1432,845
1480,1496
4395,2796
2651
2691,5086
4260,2814
914,1209
@dps-end:
@rep:20
@time:16.453
@trys:4041400
@seed:80650457
@dps-begin:
2829
2850
2883
5385,3689
2837,1453
1496,2938
1934,2796
2842
2881
1988
@dps-end:
@rep:21
@time:16.645
@trys:4041400
@seed:78220001
@dps-begin:
2674
2829
3410
2054,2674
3550,362
312
2850,5702
2831,3163
2691,4277
422,3757
@dps-end:
@rep:22
@time:16.417
@trys:4041400
@seed:74585729
@dps-begin:
2709
5319,3410
2840,2811
2824
1995,2680
2863,1340
4388,229
5428,1209
2857,51
2755,2678
@dps-end:
@rep:23
@time:16.611
@trys:4041400
@seed:73852469
@dps-begin:
2863
2677
2820
2855,2868
2850,1209
1496
2709,88
3054,2427
2842
362
@dps-end:
@rep:24
@time:16.514
@trys:4041400
@seed:68750849
@dps-begin:
2796
2698,1432
2873
2247,2801
2838
1307
1316,2602
1316,2867
4228,2680
2842
@dps-end:
@rep:25
@time:16.602
@trys:4041400
@seed:58160551
@dps-begin:
2801
1423,2673
2781,2685
2832,2651
2817
2834,4600
2805
399,5418
2832,2842,1489
3749,1663
@dps-end:
@rep:26
@time:16.788
@trys:4041400
@seed:45320477
@dps-begin:
2801
2701
3410
4362,2787
2817,1432
4625
4366,3325
1432,238
845,5342
2659,2674
@dps-end:
@rep:27
@time:16.584
@trys:4041400
@seed:31913771
@dps-begin:
1094,2697
2849,830
4518,2811
2801,1074
2847
2847
376,5311
5345,1900
2820,5066,2864
837
@dps-end:
@rep:28
@time:16.506
@trys:4041400
@seed:24096223
@dps-begin:
2831
2677
2701
52
2694,4846
2817,861
1417
1304,2855,2794
2883,5324
1286,1316
@dps-end:
@rep:29
@time:16.429
@trys:4041400
@seed:16980937
@dps-begin:
2837
2840
2817
1536,2694,2673
3637
2697,1307,480
1478,2685
1672,2847
316
2104,2873
@dps-end:
@rep:30
@time:16.587
@trys:4041400
@seed:8261369
@dps-begin:
2840
2861
2879
2688,2785
2823
1483,1241
4366,4802
1480
2802
4386,2288
@dps-end:
