@rep:1
@time:32.712
@trys:2061400
@seed:179424673
@dps-begin:
24832,22705,25075,17689
4610,38467,34309
19041,20056
17168,322
16733,24559
272,44524,16350
43891,21219
17360,26048,20746
1176,20027
5812,374
@dps-end:
@rep:2
@time:32.446
@trys:2061400
@seed:125164703
@dps-begin:
24832,3835,6654
27745,33317
16227,43546
5905,22140
1598,36174
5203,42438
12773,37446,42438
26051,12026
35259
44402,4441
@dps-end:
@rep:3
@time:32.832
@trys:2061400
@seed:132011827
@dps-begin:
3770,2317,39679
26165,202
28473,1580,36030,3535
451,564,25944
33317,38366
17226,17550
19072,41923,35711
40192,16532,29369,35465
10290,1122,3899
18880
@dps-end:
@rep:4
@time:33.056
@trys:2061400
@seed:124987441
@dps-begin:
21849,7627
8598,1948
42310,36250
11545,23823
17168,24321
5497,9353
34550,9532
27015,42574
18880
38368,9569
@dps-end:
@rep:5
@time:32.748
@trys:2061400
@seed:123979721
@dps-begin:
13364
3873,38467
16529,37947
24118,34267
15609,37023
18293,20921,27259
10826,3197
16227
569,18399
23969,25944
@dps-end:
@rep:6
@time:32.885
@trys:2061400
@seed:119777719
@dps-begin:
18880,31271
7360,40228
42438,17662
18293,12525
31271,14571
30694,4955,28589,2894
15077,29369
18293,17800
23313,17467
322,28221
@dps-end:
@rep:7
@time:32.591
@trys:2061400
@seed:117705823
@dps-begin:
36482,31271
38467,543
13364
2032,98,26437
11168,10195
9569,43983
512,25948
42003,15180,38494
17206,5001,5003
119
@dps-end:
@rep:8
@time:32.799
@trys:2061400
@seed:112131119
@dps-begin:
43680,15766
35213,39423
22626,20445
24704,27235
19629,40463
14250,1132
42386,555
4955,23131
8697,474
16529,15522
@dps-end:
@rep:9
@time:32.377
@trys:2061400
@seed:108626351
@dps-begin:
3793,15013
13364,40612
2953,19183,35711
36482,36038
31147,22140
24832,4593
39152,24832,16370,26055
38467,24984
6269,17662
3131,33183
@dps-end:
@rep:10
@time:32.762
@trys:2061400
@seed:107980007
@dps-begin:
5614,19183
24321,548,16649
31267,16227,7087
4660,38469,13403
37856,3088,93
322
11268,36855
44218
16075,8351,35711
41003
@dps-end:
@rep:11
@time:32.847
@trys:2061400
@seed:106368047
@dps-begin:
41552,13364,44283
40035,13403
2560,2546
36753,33317,43430,44218
38377,43181
13364
11545,10826,17564
29137,44218,1228
2469,42438
27606,3800
@dps-end:
@rep:12
@time:32.982
@trys:2061400
@seed:99187427
@dps-begin:
26354,564,25948
17226,19629
25205,22094
29246,10239
93,29997
12017,32715
26354,42535
5217,27622,2237
564
36531,22884,4520
@dps-end:
@rep:13
@time:32.862
@trys:2061400
@seed:98976029
@dps-begin:
18880,1948
28257,24725,5614
7314,40549
28371,2101
35680,2380,17197
2546,40335
7627,22846,26750
23152,9532
8193,3800
38564,708
@dps-end:
@rep:14
@time:32.738
@trys:2061400
@seed:97875523
@dps-begin:
17192,19183
16529,1602,25906
16227,35711
36753,13364
10290,22907
17192
13364
16529,23730,24149
42385,37572
564,35833,17467
@dps-end:
@rep:15
@time:33.039
@trys:2061400
@seed:96763291
@dps-begin:
29345,13364
9569,12773,11335
35026,23348,42310
24118,25736,40127
13364
17192
4578,42310,3244
10914,38469,36038
37867,9820
202,33915
@dps-end:
@rep:16
@time:33.175
@trys:2061400
@seed:95808337
@dps-begin:
40228,22884
33317,17467
7360,36250,27740
26704,17128,44111
5905,38377,42921
35680,4005,1228
27402,42797
22692,32715,1598
25906,35670
3128,9820,35471
@dps-end:
@rep:17
@time:32.501
@trys:2061400
@seed:94847387
@dps-begin:
23955,23597
24656,16350
40228
42385
6280,17192
5989,22749
20848,44369
35259,35516,10493
8674,21219,38564,34746
39337,4495
@dps-end:
@rep:18
@time:32.736
@trys:2061400
@seed:87552823
@dps-begin:
28090,10797
40228,10239
43010,17386
7035,9532
36038,422
37682,43695
18082,548
23730,4680
961,5003
27347,13914
@dps-end:
@rep:19
@time:32.701
@trys:2061400
@seed:86842271
@dps-begin:
27347,40035,10826
564,10797
18880,119
3172,10797
27347,44218
24262,25308
5889,19629
23425,18786,4502
42386,5718
26437,42797
@dps-end:
@rep:20
@time:32.517
@trys:2061400
@seed:80650457
@dps-begin:
42438,37023
35680,5003
16529,22140
13364
36531,3798,42438
2035,564
35344,44459
24452,15947
13203,569,14589
564
@dps-end:
@rep:21
@time:32.466
@trys:2061400
@seed:78220001
@dps-begin:
10290,22895
40228
43010,43695
4130,10826
1899,1517
23955,24277
28438,33741
14113,44322
5825,32099
25736,5614
@dps-end:
@rep:22
@time:32.533
@trys:2061400
@seed:74585729
@dps-begin:
1968,43695
13364
13364
8853,9532,2894
4388,119
39049,23594
5003,43197,39711
34484,4955
44218,43709
4660,1832,632
@dps-end:
@rep:23
@time:32.666
@trys:2061400
@seed:73852469
@dps-begin:
42386,2894
23348,39316,33317
42385,3105
43413,1228
36482,7122,7958,7259,24110
22931,14250
5217,9144
98,20646,6299
9569
41003
@dps-end:
@rep:24
@time:32.597
@trys:2061400
@seed:68750849
@dps-begin:
25216,17192
119,9802
44218,1517
2546,35972
2546,21003
35138,23597
15013,9290,255
1076,4491
42385,31802,24318
12915,28438
@dps-end:
@rep:25
@time:32.805
@trys:2061400
@seed:58160551
@dps-begin:
23249,13380,43430
17026,40035,29711
17192
10096,4005,6872
11168,44459
44064,17564
17025,23779,4680
44064,44218
23543,23789,10239
5536,16529,16966
@dps-end:
@rep:26
@time:33.458
@trys:2061400
@seed:45320477
@dps-begin:
25205,15737
20848,42574
4021,36038,16350
42324,119
8598,23385,1100
7641,19629
27745,5923
25906,3127,2142
17920,42073
25205,7917
@dps-end:
@rep:27
@time:32.471
@trys:2061400
@seed:31913771
@dps-begin:
322,10826
3793,24637
5217,18131,1580
10096,43874,5173
22816,23104,23730,4412
5905,36482,6507
19629,8510
5364,33317
2407,5001
1073,34184,36008
@dps-end:
@rep:28
@time:32.86
@trys:2061400
@seed:24096223
@dps-begin:
25944,15947
31271,2894
17192
35094,1191
39049,17550
530,35465
20438,12525
43428,8501,19226
3145,10
35298,22202
@dps-end:
@rep:29
@time:32.369
@trys:2061400
@seed:16980937
@dps-begin:
40228,22815
35259,42574
16529,25944,1854
20609,38856
13364
1523,10
40759,19629
43413,22202
548,33317
24832,7397
@dps-end:
@rep:30
@time:32.68
@trys:2061400
@seed:8261369
@dps-begin:
7360,9569
1602,40035
564,24841
16227
564
322
24321,2559
24832
5989,119,8600
9930,35711
@dps-end:
