@rep:1
@time:93.996
@trys:4041400
@seed:179424673
@dps-begin:
46093
78107
21216
23813
56325,24806
68371,55187
24871,45439
69456,70126
13161
72188
@dps-end:
@rep:2
@time:94.647
@trys:4041400
@seed:125164703
@dps-begin:
22784
70183
107369
60617
8266,58798
42128,69140,102687
56520,56533,45020
45663,21747
25741,67244,82227
73731
@dps-end:
@rep:3
@time:93.192
@trys:4041400
@seed:132011827
@dps-begin:
23705
23516
56204,90082
38101
11274
77309
58944,28907,108334
73232,30879,20972
41710,43697
24150,47196
@dps-end:
@rep:4
@time:93.597
@trys:4041400
@seed:124987441
@dps-begin:
71826
45481
46741,45423,95474
24721,27224
108820,43807,44280
44810,12702,24871,94771
38666,63847
88590,25447,36714
37780,47897,61083,59383
96137,78996,77150,21234
@dps-end:
@rep:5
@time:94.025
@trys:4041400
@seed:123979721
@dps-begin:
50175
105967,91578
68395,20965
26185,62985
72346
56837
70113
73555,57854
40450,55765
23661
@dps-end:
@rep:6
@time:93.155
@trys:4041400
@seed:119777719
@dps-begin:
25231,73653
45349,107823,41023
80732,70817
77218
64303,33012
20641,94516
23376,29938,26110
21659,55516,21747,84605
72137,56806
108680
@dps-end:
@rep:7
@time:93.661
@trys:4041400
@seed:117705823
@dps-begin:
34139,105003
88612
5894,94516,27960
73692,107443
104313
69140,44445,33197,99926
2195,21824,35062
83278,79032
68632,8812
39963,70946
@dps-end:
@rep:8
@time:93.85
@trys:4041400
@seed:112131119
@dps-begin:
24636
26192
44676
54073
20097,66029
56325,102015
5527,49525
20292,27165,7092
24178,74873,42489
61585,43439,108625
@dps-end:
@rep:9
@time:92.827
@trys:4041400
@seed:108626351
@dps-begin:
68964,6384
28359,27165
73677,38120
13549,55807
80317
56832,76931,37160
73748,63288,49598
48204,28696,69227
45139,109219,25198
69120,64404,5565
@dps-end:
@rep:10
@time:93.63
@trys:4041400
@seed:107980007
@dps-begin:
108620,5977,89758
6810,67676
42518,78648
82627,38415
30168,70817
70336,89501
3419,88554
28100,26474
106506,89682
55558,10941
@dps-end:
@rep:11
@time:93.708
@trys:4041400
@seed:106368047
@dps-begin:
29850,60593
73678
77585,27219
55307,2741
38041,20894,83
38561,45494
56003
106762,56743,55035
102043,89250,57900,39347
43618
@dps-end:
@rep:12
@time:93.432
@trys:4041400
@seed:99187427
@dps-begin:
63625,68775,24767
23701,54648
61891
27339
77248
108395,21693
55489,21909,70556,98622
11274,36107,21913,63795
89052,72418
95619,27929,70113
@dps-end:
@rep:13
@time:93.842
@trys:4041400
@seed:98976029
@dps-begin:
34988,44270
4835,105455
45640,47476
42986,22380,103542
21824,40746,28347
61746,27058,69748
5348,20216,74815
46917,5327,23477
45140,31472,76086
56520,47187
@dps-end:
@rep:14
@time:93.137
@trys:4041400
@seed:97875523
@dps-begin:
47458
51122
96991,61545
25634,23352,45689
71512
33352,43607,40153
65733,27716,36408,22782
23813,56909
59172,56439
74133
@dps-end:
@rep:15
@time:93.726
@trys:4041400
@seed:96763291
@dps-begin:
72465
20956,34534
22793
80644,35149,29951
43575
45057,12808
71902,53288
29132,24285,63592
54199,77177
44445,22120
@dps-end:
@rep:16
@time:93.099
@trys:4041400
@seed:95808337
@dps-begin:
88478,24943
56857,65114
24137,20827
22621,27237
55057,20436
70633
36884
27162,21151,21551
29640,39385
67917,63146
@dps-end:
@rep:17
@time:93.37
@trys:4041400
@seed:94847387
@dps-begin:
20729
35177,41706,107826
24207,44798
25864,54014
48494,41712
62105
94661,69353,36593
49217
71512
56718,34168,23161
@dps-end:
@rep:18
@time:93.348
@trys:4041400
@seed:87552823
@dps-begin:
36460
73445,77105
35467,97313
25622,61746
1677,36764
65535
71764,103534
105552,41129
74593,86243,33206
55432,38490
@dps-end:
@rep:19
@time:93.422
@trys:4041400
@seed:86842271
@dps-begin:
77081,45216,15219
69052,29016
2492
28421,63851,68338
40065,83614,69809
68228,108362
75468,104826,36222
86085,57807,90998
82835,55154,44152
28954
@dps-end:
@rep:20
@time:93.292
@trys:4041400
@seed:80650457
@dps-begin:
23168,39467
3733
68417
55317
21941,38326,36183,33502
57573,8038
90762
102109,64562,71351
40732,37315,81662
102217,73398,5051
@dps-end:
@rep:21
@time:93.843
@trys:4041400
@seed:78220001
@dps-begin:
62310
70204,37875
64013,42163
69827,77729,74750
44104,83372
46288,77596
77836,42518,50471
53188,26712
22602,82260
28956,60069,36851
@dps-end:
@rep:22
@time:93.07
@trys:4041400
@seed:74585729
@dps-begin:
78107,48174
42576,26345
67465,45178
77337
3527,44643,45481,28404
5141,48297
55235,32453,45917,105214
30977,56003,107213
39302,79459
33818,2138,42473
@dps-end:
@rep:23
@time:93.404
@trys:4041400
@seed:73852469
@dps-begin:
89334
54436
78412,32593,88950,26110
27235
36456,36728
73544,37429
108821,49079,25466
101967,76790
49076,43990,83320
73069,62206
@dps-end:
@rep:24
@time:92.608
@trys:4041400
@seed:68750849
@dps-begin:
68775
96064,70360
20460
37141,69839
22337,43618,42468
42914,22129
50666
81300,11219,21364
33222,25756,40442,41405
78956
@dps-end:
@rep:25
@time:93.082
@trys:4041400
@seed:58160551
@dps-begin:
20373,53474
37754
40763
43510,103542,69241
45335,26342,83305,37618
75791
41606,73391,36208,24954
5505,44073
33282,52420,89554
65944,43997,62206
@dps-end:
@rep:26
@time:93.351
@trys:4041400
@seed:45320477
@dps-begin:
46705
69876
46282,76503
88828
107087
54560
69218,49832
15302,20523
73856,97050,88948
23646,69989
@dps-end:
@rep:27
@time:92.98
@trys:4041400
@seed:31913771
@dps-begin:
36152,28089
63944
77836
21057,68513
49525
4550,83372
24606,58980
55084,23376,62310
28761
62860
@dps-end:
@rep:28
@time:93.521
@trys:4041400
@seed:24096223
@dps-begin:
33422
47891
42903,74364
91396,29861,28078,61743
39817,6265,21244
71687,22602,22095,29987
79502,29864,65011
69090,36520
21834,108362,53331,104472,70374
46231,91095,68950
@dps-end:
@rep:29
@time:93.412
@trys:4041400
@seed:16980937
@dps-begin:
45609
38923,24879
30355
27734,26549
38403,46690
21479,70573,95483
36295,92427,11219
57656
51122,72049
33887,97649
@dps-end:
@rep:30
@time:93.143
@trys:4041400
@seed:8261369
@dps-begin:
75400,38631,67647
67687,74364
2526
54824
67816
45917
55280
75527
15250,38041,79101
72064,7045,54161,70821
@dps-end:
