@rep:1
@time:30.667
@trys:2061400
@seed:179424673
@dps-begin:
22403,4845
1450,6557
13173
14696
5604
1053
5604
1053
2802,13173,16189
23098
@dps-end:
@rep:2
@time:30.964
@trys:2061400
@seed:125164703
@dps-begin:
23194,18443
22403,6879
2532,24637
11335
16562
470,14696
15328,19782,11335
7446
13173
16304,13173
@dps-end:
@rep:3
@time:31.304
@trys:2061400
@seed:132011827
@dps-begin:
15125,190
24337,14696
2040,6557
14696
7446
699
5604,6669,17759
19782,4876
12596
17466
@dps-end:
@rep:4
@time:31.022
@trys:2061400
@seed:124987441
@dps-begin:
6669,8527
1042,12131
23850,8634
15967
15707
2160
22403
6557
14696
24637
@dps-end:
@rep:5
@time:31.593
@trys:2061400
@seed:123979721
@dps-begin:
645,11335
8443,6557
721,8527
10824
6669
6669
3600,21109
17301,23125
22403
14696
@dps-end:
@rep:6
@time:31.788
@trys:2061400
@seed:119777719
@dps-begin:
22403,24665
2160,20751
15967
16562
15967
23171,5604
14134,23850
10824
13173
2160
@dps-end:
@rep:7
@time:30.782
@trys:2061400
@seed:117705823
@dps-begin:
23098,6669
4362,6557
14100,645
13173,13322
15967
11335
20737,45
1433,24637
11436
10824
@dps-end:
@rep:8
@time:30.539
@trys:2061400
@seed:112131119
@dps-begin:
22763,24637
14824,11436,190
11335
11571,1053
6657,23315
169
14696
17494,11438
5606,12457
5604
@dps-end:
@rep:9
@time:30.67
@trys:2061400
@seed:108626351
@dps-begin:
2200,12669
15707
10824
14696
14696
22403
24637
169
17494,5606,13497
23850
@dps-end:
@rep:10
@time:31.121
@trys:2061400
@seed:107980007
@dps-begin:
20737,12669
9652,11335
8464,9135
4487,16186
1042,17301
15080,23194
11335
16403,4876
14897,7446
10824
@dps-end:
@rep:11
@time:31.12
@trys:2061400
@seed:106368047
@dps-begin:
15481,17466
23194,14827
23896,6557
14688,22975
22403
2160
24637
24637
645
10906
@dps-end:
@rep:12
@time:30.75
@trys:2061400
@seed:99187427
@dps-begin:
24280,24637
11335
15967
6669
14696
12669
23315,15583
19782,17690
14820,10824
20737,2802
@dps-end:
@rep:13
@time:30.948
@trys:2061400
@seed:98976029
@dps-begin:
2177,23850
3366,11436
11335
169,6671
16562,5293
12669
12669
169
22403
13173
@dps-end:
@rep:14
@time:30.928
@trys:2061400
@seed:97875523
@dps-begin:
10824
10824
20484,23850
2160
24637
645
21182,2079
19832
23850
19832
@dps-end:
@rep:15
@time:31.076
@trys:2061400
@seed:96763291
@dps-begin:
12596,6380
16562,16091
2967,14696
11436
12596,18120
16343,4511
23194
17317
2160
14696
@dps-end:
@rep:16
@time:31.029
@trys:2061400
@seed:95808337
@dps-begin:
15967,4511
10824,9625
18835,12131
1053,190
23315,23846
6669
6669
17317,2967
17690,1450
2160,21109
@dps-end:
@rep:17
@time:31.608
@trys:2061400
@seed:94847387
@dps-begin:
23315,13173,7446
15707,2911
16562,22862
16363,15967
11335
11335,10808
20737,2532
20416,17301
13825,8527
22403
@dps-end:
@rep:18
@time:31.09
@trys:2061400
@seed:87552823
@dps-begin:
10824,6669
17317,1053
11436
10824
14100,5497
23194
17317
17317
699
6557
@dps-end:
@rep:19
@time:30.878
@trys:2061400
@seed:86842271
@dps-begin:
11335
17466,13322
2177,24280
22403
2160
17317
169
5497,16123
17301,22975
8464
@dps-end:
@rep:20
@time:30.978
@trys:2061400
@seed:80650457
@dps-begin:
7446,12669
16403,6669
8096,17317
13402,23531
11436
22403,16123
7446
169
14696
7446
@dps-end:
@rep:21
@time:30.753
@trys:2061400
@seed:78220001
@dps-begin:
15481,15967
20737,17301
6557,2157
1042,17690
14520,23098
11335
1091,23850
6669
5203,6557
169
@dps-end:
@rep:22
@time:31.809
@trys:2061400
@seed:74585729
@dps-begin:
15967
8140,6557
17312,8464
23194
24637
23315,8751
16272,6669
15986,1780
17690
23098
@dps-end:
@rep:23
@time:30.681
@trys:2061400
@seed:73852469
@dps-begin:
7446,17466
23098,6879
11335,2157
15504,16562
16665,24637
11335
2177,14007
22763,20751
6557
2160
@dps-end:
@rep:24
@time:30.578
@trys:2061400
@seed:68750849
@dps-begin:
20737,12131
17690,4362
13173,13114
11335
16562
11436
9652,5366
22403,10553
4332,6879
16357,12669
@dps-end:
@rep:25
@time:31.117
@trys:2061400
@seed:58160551
@dps-begin:
4362,15707
17301,15594,12669
22403,21182
1316,6669
3600,14696
2532,23098
1956,6557
277,21693
16562
16562
@dps-end:
@rep:26
@time:31.302
@trys:2061400
@seed:45320477
@dps-begin:
16403,4511
277,12669
15967
12131,23125
17833,6892
1956,23850
8464
12131
20737,5090
14007,16363
@dps-end:
@rep:27
@time:31.525
@trys:2061400
@seed:31913771
@dps-begin:
22403,21368
4845,21182
10824
14134,14696
2160
24637
17317,540
645
14688,24665
6832,24665,17980
@dps-end:
@rep:28
@time:31.719
@trys:2061400
@seed:24096223
@dps-begin:
9625,21693
15707
18835,18443
17317
14696
17494,8140
8464
22613,16186
3600,14195
12133,16422,14696
@dps-end:
@rep:29
@time:30.76
@trys:2061400
@seed:16980937
@dps-begin:
22613,15707
8464,18443
13833,23194,4332
470,11436
19240,23098
14696
17253,5366
5604
12596
7574,169
@dps-end:
@rep:30
@time:30.662
@trys:2061400
@seed:8261369
@dps-begin:
22403,23098
2177,13173
15967
7446,635
699
14696
169
15288,15594
12131
12131,13829
@dps-end:
