@rep:1
@time:7.35
@trys:4041400
@seed:179424673
@dps-begin:
1028,2372,2082
571
325,2844
2826,1249
1927,328,2133
729,375,3199
3968
3684
3618
3096
@dps-end:
@rep:2
@time:7.412
@trys:4041400
@seed:125164703
@dps-begin:
1141
2844
2649
1792,3618
3538,2194
274
3096
2304
2525
3268
@dps-end:
@rep:3
@time:7.336
@trys:4041400
@seed:132011827
@dps-begin:
2082
1037,3684
3614
2773
3946
2773
148
148,92,2794
3542,989,1772,1151
1025,2718,1593
@dps-end:
@rep:4
@time:7.301
@trys:4041400
@seed:124987441
@dps-begin:
984
984
3163
488
2304,1958
719,2047
3848,2082,767
2372,1610
753
796
@dps-end:
@rep:5
@time:7.266
@trys:4041400
@seed:123979721
@dps-begin:
1025
1528
1927,3882
3791,2525
729,3807
3073,1558
3538,373,445
2773
2773
133
@dps-end:
@rep:6
@time:7.319
@trys:4041400
@seed:119777719
@dps-begin:
2820
2820
1028,3197
1792,2826
328,3538,3163
3357
3968
2419
3357
122
@dps-end:
@rep:7
@time:7.355
@trys:4041400
@seed:117705823
@dps-begin:
1792
2649
3341
3341
976,1141
80,571
1994,2002
273,2220
273,785,285
3595,3614,3133
@dps-end:
@rep:8
@time:7.344
@trys:4041400
@seed:112131119
@dps-begin:
1558
1025
1141
984,1370
3745,984
1025,2743
2705,3357,1982
2002,3538,1557
3521,2972
753
@dps-end:
@rep:9
@time:7.37
@trys:4041400
@seed:108626351
@dps-begin:
2082
3341
2844
3341,976
2820,1610
2063,3357
3266,3917,3163,685
3971,3341
3268,391,273
2743
@dps-end:
@rep:10
@time:7.512
@trys:4041400
@seed:107980007
@dps-begin:
497
976,497
984,3452
2372
2773
1623
130
1792,3898
976,280
2690,274,3163
@dps-end:
@rep:11
@time:7.554
@trys:4041400
@seed:106368047
@dps-begin:
2002
532
1141,2047
2082,2985
2826,828
3096
2743
1623
2585
165
@dps-end:
@rep:12
@time:7.455
@trys:4041400
@seed:99187427
@dps-begin:
3341,2133
2844
488
3968,3287
325,1052
2844,252
273,1141
2690,1528
3215,1528
1610
@dps-end:
@rep:13
@time:7.484
@trys:4041400
@seed:98976029
@dps-begin:
1558
488
1025,730
1028,148,1236,1141
2002,3050
3295
148
148
1623
3521
@dps-end:
@rep:14
@time:7.342
@trys:4041400
@seed:97875523
@dps-begin:
1025
1528
2002,3357
1025,2945
1320,2731,3542
528,21,1074,480
2118
3595
2419
3946
@dps-end:
@rep:15
@time:7.54
@trys:4041400
@seed:96763291
@dps-begin:
984
984
571
1249
165,325,122
1927,165
1927,3799
3542,2535,51
976,3670
2372
@dps-end:
@rep:16
@time:7.49
@trys:4041400
@seed:95808337
@dps-begin:
3341
1927
488
1236,3163
2743,3568
3542,477,1056
3684
3541
3295
2690
@dps-end:
@rep:17
@time:7.512
@trys:4041400
@seed:94847387
@dps-begin:
1141
2082
2082
532
3595,1464
2820,1642
515,1871,1249
596,1558
1613,3917
1792,2668
@dps-end:
@rep:18
@time:7.474
@trys:4041400
@seed:87552823
@dps-begin:
3163
2002
3459,2649
532,2650
1956,169,3295
1792,3459
3595
133
719
1613
@dps-end:
@rep:19
@time:7.6
@trys:4041400
@seed:86842271
@dps-begin:
532
532
729,3827
165,488
1025,1912
2304
1613
130
133
130
@dps-end:
@rep:20
@time:7.639
@trys:4041400
@seed:80650457
@dps-begin:
1025
3341
325,1956
729,503
1613,3541
2883,142,563
1028,2118,3050
1613,3542,2082
3618
3614
@dps-end:
@rep:21
@time:7.44
@trys:4041400
@seed:78220001
@dps-begin:
1025
1249,3772
1249
1528
3542,280,165
2773,2676
2436,1558,1056
1610
3266
2743
@dps-end:
@rep:22
@time:7.405
@trys:4041400
@seed:74585729
@dps-begin:
3542
2844
2002,3928
3984,1976
3791,1249
3542,3096
2705,2082,2030
1927,3542,622
2372
3133
@dps-end:
@rep:23
@time:7.519
@trys:4041400
@seed:73852469
@dps-begin:
3133,213
549,2649
2690
2585
3521
3968
796
3684
165,1253,2668
1510,1141
@dps-end:
@rep:24
@time:7.484
@trys:4041400
@seed:68750849
@dps-begin:
984
3163,165
729
2820
2002,1528
1976,122
2649,3099
2387,1249,3568
1056
1624,753
@dps-end:
@rep:25
@time:7.458
@trys:4041400
@seed:58160551
@dps-begin:
3163
3542,3932
571
2002
1025,3595
976,3096
2133,3955,767
3268,488
1025,497
3772,3197
@dps-end:
@rep:26
@time:7.478
@trys:4041400
@seed:45320477
@dps-begin:
2820,3946
2826,1141
2844
1528
706,2133
1141,3067
571,2493
3341,3964
729,3932
1096,1528
@dps-end:
@rep:27
@time:7.493
@trys:4041400
@seed:31913771
@dps-begin:
2844
2820
1025,3869
2820,2844
148,2844
1224,1558,3163,935
3261,3542,480
2525
273
3968
@dps-end:
@rep:28
@time:7.449
@trys:4041400
@seed:24096223
@dps-begin:
1249
729
3521,3268
3595,933
3946
2773
719
796
3946
1056
@dps-end:
@rep:29
@time:7.56
@trys:4041400
@seed:16980937
@dps-begin:
1558
2082,2030
1792,3419
1673,984
3618,378,3197
2304,719
783,2002,92,480,1141
1291,3341
3614
3538
@dps-end:
@rep:30
@time:7.656
@trys:4041400
@seed:8261369
@dps-begin:
1141
1141
2820
2844
445,480,878
2820,1558
3337,1557,729
1792,3538
3684
3357
@dps-end:
