@rep:1
@time:27.501
@trys:441400
@seed:179424673
@dps-begin:
38467
3128
34181,38507
17636
34903
24230
23998
22107
14465,17471
44518,2087
@dps-end:
@rep:2
@time:27.606
@trys:441400
@seed:125164703
@dps-begin:
35711
2308,677
24841
38465,35493
20223
20242
4514
29953,32329
26048,38469,34729,9326
648,6299
@dps-end:
@rep:3
@time:27.794
@trys:441400
@seed:132011827
@dps-begin:
38469,4762
34615,14125
42453
10552
3555,3883
34807,2009
24097,10548,26600
27625,5708,25390
1559
30920
@dps-end:
@rep:4
@time:27.474
@trys:441400
@seed:124987441
@dps-begin:
8589
24321,43640,37693
305
898,30374
5825
12113,17179
32099,11069
3468
18871,11295
10686
@dps-end:
@rep:5
@time:27.276
@trys:441400
@seed:123979721
@dps-begin:
12129,38519
26007
42930,24821
16375
38869,16969
25216
18934,43928
2954,3421
23924,34184
383
@dps-end:
@rep:6
@time:27.184
@trys:441400
@seed:119777719
@dps-begin:
41003
17715
9153,37734
40012,26238
28357
26961
12584
4267
43793,16969,17885
28689,18617
@dps-end:
@rep:7
@time:27.53
@trys:441400
@seed:117705823
@dps-begin:
14720,38185
24432,7091
17550
38469
41665,18261
9005
11778
31106,5481
17472
8418
@dps-end:
@rep:8
@time:27.623
@trys:441400
@seed:112131119
@dps-begin:
25205
10096
19505,25230
17936,25298,43924
543
41263
11288,17007
37748
38564
9841,32454
@dps-end:
@rep:9
@time:27.378
@trys:441400
@seed:108626351
@dps-begin:
10797
23840,40598,35835
35213
36038,34391
22884
16627
17936,24253
8840
6029
44096
@dps-end:
@rep:10
@time:27.161
@trys:441400
@seed:107980007
@dps-begin:
1517
18240,4929,24851
1602
17267,21219
27235
26761
17739,13420
8880,18282
11634,34267
39510
@dps-end:
@rep:11
@time:27.307
@trys:441400
@seed:106368047
@dps-begin:
13364,22907
35745,23369
34387
24631
28371,2680
10354,40612,18395
2582,33915
7393
16563,27365,29096,31916
16468
@dps-end:
@rep:12
@time:27.497
@trys:441400
@seed:99187427
@dps-begin:
24832,14571
4441
19619,4520
1598
5718
16296
15888,671
2048,34452,6474
37826
35435
@dps-end:
@rep:13
@time:27.661
@trys:441400
@seed:98976029
@dps-begin:
8586
202
18786,23955,1066
33196,12366
14996
7210
7210,42302
16835,9655
38366
37073
@dps-end:
@rep:14
@time:27.152
@trys:441400
@seed:97875523
@dps-begin:
6160,8392
677
41136,37121,16820
36418,44205
8355,38185
1382,10396
40842
996
4492
43718
@dps-end:
@rep:15
@time:27.825
@trys:441400
@seed:96763291
@dps-begin:
37023
21812
37867
40612
25670,34588
3754
18786
1176
22617
9540
@dps-end:
@rep:16
@time:27.569
@trys:441400
@seed:95808337
@dps-begin:
43724
19183
43680
10864,305
24728,36489
35114
34807,43848
42563
25794,41783,26538
22297,24059
@dps-end:
@rep:17
@time:27.768
@trys:441400
@seed:94847387
@dps-begin:
2556
23715,1231
35891,16532,21515
27402
37335,22633,7210
8351
18392
37947,3197
7864,34749
22170,6991
@dps-end:
@rep:18
@time:27.525
@trys:441400
@seed:87552823
@dps-begin:
42385
6461
16563
2560,43558,11741
325,6169
17764
43624
39543
34313
36306,23597
@dps-end:
@rep:19
@time:27.586
@trys:441400
@seed:86842271
@dps-begin:
569
195,8783
29803
42850
7210,4619
208,3531
2380
43879
8571
31794,18010
@dps-end:
@rep:20
@time:27.342
@trys:441400
@seed:80650457
@dps-begin:
41552,9043
18928,40767
36659
7627
29803
24307,5989
5923
4383
5905
23104,314,33583
@dps-end:
@rep:21
@time:27.472
@trys:441400
@seed:78220001
@dps-begin:
20746
515
1042,354
40842
10153
17636
9930
41658,4619
36472,9208,2974
11700,25679
@dps-end:
@rep:22
@time:27.463
@trys:441400
@seed:74585729
@dps-begin:
2317
19168
3009,26622
16847
5298
7937,4632
33155,18838
4534,24750
31952,15908
4267
@dps-end:
@rep:23
@time:27.416
@trys:441400
@seed:73852469
@dps-begin:
16919,7035
25906,24326
43669,3979
325
6503,16858
1994
41923,29164
40932
3570
37168,4267,11419
@dps-end:
@rep:24
@time:27.466
@trys:441400
@seed:68750849
@dps-begin:
26564,18399
3127
20746
42563
1683,31707
15991
23998
35701
4964,18872
19592,41545
@dps-end:
@rep:25
@time:27.495
@trys:441400
@seed:58160551
@dps-begin:
11168,5001
35619
9780
41165,26414
35397,8091
16937,15004
16620
42276,44534
10179,44201
12107,18861
@dps-end:
@rep:26
@time:27.354
@trys:441400
@seed:45320477
@dps-begin:
7521,36463
36413,35951
5921
34746
3468
2566
19613,31517
7252
13069
4673,30408,19242
@dps-end:
@rep:27
@time:27.594
@trys:441400
@seed:31913771
@dps-begin:
15013,20794
29104,34291,18427
24725
43891
7708,27918
35397
33086
37073
328
28604
@dps-end:
@rep:28
@time:27.758
@trys:441400
@seed:24096223
@dps-begin:
20445
1069
9349,35449
17377,19161,42347
35065
35246
16580
3573
14533,43181
39700,17134
@dps-end:
@rep:29
@time:27.434
@trys:441400
@seed:16980937
@dps-begin:
17539,3243
19619,25303
9270
28180
6230,41263
38336,43657,37947
4664
23440,4717
34086
3717
@dps-end:
@rep:30
@time:27.47
@trys:441400
@seed:8261369
@dps-begin:
20609
42660
3009
24451,2541
30642,23205,3243
4678,26348
37980
29074
35833
15810
@dps-end:
