@rep:1
@time:5.803
@trys:1515040
@seed:179424673
@dps-begin:
12066
14971
8498
24889
7940,12066
12066,14971
22552
12066,18930
18840,24889
9210,20271
@dps-end:
@rep:2
@time:5.848
@trys:1515040
@seed:125164703
@dps-begin:
12066
14971
8498
24889
7940,12066
12066,14971
22552
12066,18930
18840,24889
9210,20271
@dps-end:
@rep:3
@time:5.764
@trys:1515040
@seed:132011827
@dps-begin:
12066
14971
8498
24889
7940,12066
12066,14971
22552
12066,18930
18840,24889
9210,20271
@dps-end:
@rep:4
@time:5.745
@trys:1515040
@seed:124987441
@dps-begin:
12066
14971
8498
24889
7940,12066
12066,14971
22552
12066,18930
18840,24889
9210,20271
@dps-end:
@rep:5
@time:5.724
@trys:1515040
@seed:123979721
@dps-begin:
12066
14971
8498
24889
7940,12066
12066,14971
22552
12066,18930
18840,24889
9210,20271
@dps-end:
@rep:6
@time:5.661
@trys:1515040
@seed:119777719
@dps-begin:
12066
14971
8498
24889
7940,12066
12066,14971
22552
12066,18930
18840,24889
9210,20271
@dps-end:
@rep:7
@time:5.704
@trys:1515040
@seed:117705823
@dps-begin:
12066
14971
8498
24889
7940,12066
12066,14971
22552
12066,18930
18840,24889
9210,20271
@dps-end:
@rep:8
@time:5.549
@trys:1515040
@seed:112131119
@dps-begin:
12066
14971
8498
24889
7940,12066
12066,14971
22552
12066,18930
18840,24889
9210,20271
@dps-end:
@rep:9
@time:5.609
@trys:1515040
@seed:108626351
@dps-begin:
12066
14971
8498
24889
7940,12066
12066,14971
22552
12066,18930
18840,24889
9210,20271
@dps-end:
@rep:10
@time:5.661
@trys:1515040
@seed:107980007
@dps-begin:
12066
14971
8498
24889
7940,12066
12066,14971
22552
12066,18930
18840,24889
9210,20271
@dps-end:
@rep:11
@time:5.667
@trys:1515040
@seed:106368047
@dps-begin:
12066
14971
8498
24889
7940,12066
12066,14971
22552
12066,18930
18840,24889
9210,20271
@dps-end:
@rep:12
@time:5.659
@trys:1515040
@seed:99187427
@dps-begin:
12066
14971
8498
24889
7940,12066
12066,14971
22552
12066,18930
18840,24889
9210,20271
@dps-end:
@rep:13
@time:5.696
@trys:1515040
@seed:98976029
@dps-begin:
12066
14971
8498
24889
7940,12066
12066,14971
22552
12066,18930
18840,24889
9210,20271
@dps-end:
@rep:14
@time:5.75
@trys:1515040
@seed:97875523
@dps-begin:
12066
14971
8498
24889
7940,12066
12066,14971
22552
12066,18930
18840,24889
9210,20271
@dps-end:
@rep:15
@time:5.832
@trys:1515040
@seed:96763291
@dps-begin:
12066
14971
8498
24889
7940,12066
12066,14971
22552
12066,18930
18840,24889
9210,20271
@dps-end:
@rep:16
@time:6.062
@trys:1515040
@seed:95808337
@dps-begin:
12066
14971
8498
24889
7940,12066
12066,14971
22552
12066,18930
18840,24889
9210,20271
@dps-end:
@rep:17
@time:5.934
@trys:1515040
@seed:94847387
@dps-begin:
12066
14971
8498
24889
7940,12066
12066,14971
22552
12066,18930
18840,24889
9210,20271
@dps-end:
@rep:18
@time:5.716
@trys:1515040
@seed:87552823
@dps-begin:
12066
14971
8498
24889
7940,12066
12066,14971
22552
12066,18930
18840,24889
9210,20271
@dps-end:
@rep:19
@time:5.687
@trys:1515040
@seed:86842271
@dps-begin:
12066
14971
8498
24889
7940,12066
12066,14971
22552
12066,18930
18840,24889
9210,20271
@dps-end:
@rep:20
@time:5.656
@trys:1515040
@seed:80650457
@dps-begin:
12066
14971
8498
24889
7940,12066
12066,14971
22552
12066,18930
18840,24889
9210,20271
@dps-end:
@rep:21
@time:5.678
@trys:1515040
@seed:78220001
@dps-begin:
12066
14971
8498
24889
7940,12066
12066,14971
22552
12066,18930
18840,24889
9210,20271
@dps-end:
@rep:22
@time:5.563
@trys:1515040
@seed:74585729
@dps-begin:
12066
14971
8498
24889
7940,12066
12066,14971
22552
12066,18930
18840,24889
9210,20271
@dps-end:
@rep:23
@time:5.702
@trys:1515040
@seed:73852469
@dps-begin:
12066
14971
8498
24889
7940,12066
12066,14971
22552
12066,18930
18840,24889
9210,20271
@dps-end:
@rep:24
@time:5.612
@trys:1515040
@seed:68750849
@dps-begin:
12066
14971
8498
24889
7940,12066
12066,14971
22552
12066,18930
18840,24889
9210,20271
@dps-end:
@rep:25
@time:5.608
@trys:1515040
@seed:58160551
@dps-begin:
12066
14971
8498
24889
7940,12066
12066,14971
22552
12066,18930
18840,24889
9210,20271
@dps-end:
@rep:26
@time:5.632
@trys:1515040
@seed:45320477
@dps-begin:
12066
14971
8498
24889
7940,12066
12066,14971
22552
12066,18930
18840,24889
9210,20271
@dps-end:
@rep:27
@time:5.737
@trys:1515040
@seed:31913771
@dps-begin:
12066
14971
8498
24889
7940,12066
12066,14971
22552
12066,18930
18840,24889
9210,20271
@dps-end:
@rep:28
@time:5.71
@trys:1515040
@seed:24096223
@dps-begin:
12066
14971
8498
24889
7940,12066
12066,14971
22552
12066,18930
18840,24889
9210,20271
@dps-end:
@rep:29
@time:5.601
@trys:1515040
@seed:16980937
@dps-begin:
12066
14971
8498
24889
7940,12066
12066,14971
22552
12066,18930
18840,24889
9210,20271
@dps-end:
@rep:30
@time:5.74
@trys:1515040
@seed:8261369
@dps-begin:
12066
14971
8498
24889
7940,12066
12066,14971
22552
12066,18930
18840,24889
9210,20271
@dps-end:
