@rep:1
@time:72.193
@trys:13107280
@seed:179424673
@dps-begin:
26110,22242
21218,5486,42347
42576,21218,42347
48096,49481,26110,20615
26110,20615,71826
21218,42347,20436,5486
56173,26110,68791,20615
72064,21218,42347,20436
48096,49481,56173,26110,20615
48096,49481,20615
@dps-end:
@rep:2
@time:71.425
@trys:13107280
@seed:125164703
@dps-begin:
26110,22242
21218,5486,42347
42576,21218,42347
48096,49481,26110,20615
26110,20615,71826
21218,42347,20436,5486
56173,26110,68791,20615
72064,21218,42347,20436
48096,49481,56173,26110,20615
48096,49481,20615
@dps-end:
@rep:3
@time:72.008
@trys:13107280
@seed:132011827
@dps-begin:
26110,22242
21218,5486,42347
42576,21218,42347
48096,49481,26110,20615
26110,20615,71826
21218,42347,20436,5486
56173,26110,68791,20615
72064,21218,42347,20436
48096,49481,56173,26110,20615
48096,49481,20615
@dps-end:
@rep:4
@time:71.171
@trys:13107280
@seed:124987441
@dps-begin:
26110,22242
21218,5486,42347
42576,21218,42347
48096,49481,26110,20615
26110,20615,71826
21218,42347,20436,5486
56173,26110,68791,20615
72064,21218,42347,20436
48096,49481,56173,26110,20615
48096,49481,20615
@dps-end:
@rep:5
@time:71.292
@trys:13107280
@seed:123979721
@dps-begin:
26110,22242
21218,5486,42347
42576,21218,42347
48096,49481,26110,20615
26110,20615,71826
21218,42347,20436,5486
56173,26110,68791,20615
72064,21218,42347,20436
48096,49481,56173,26110,20615
48096,49481,20615
@dps-end:
@rep:6
@time:72.587
@trys:13107280
@seed:119777719
@dps-begin:
26110,22242
21218,5486,42347
42576,21218,42347
48096,49481,26110,20615
26110,20615,71826
21218,42347,20436,5486
56173,26110,68791,20615
72064,21218,42347,20436
48096,49481,56173,26110,20615
48096,49481,20615
@dps-end:
@rep:7
@time:71.634
@trys:13107280
@seed:117705823
@dps-begin:
26110,22242
21218,5486,42347
42576,21218,42347
48096,49481,26110,20615
26110,20615,71826
21218,42347,20436,5486
56173,26110,68791,20615
72064,21218,42347,20436
48096,49481,56173,26110,20615
48096,49481,20615
@dps-end:
@rep:8
@time:71.449
@trys:13107280
@seed:112131119
@dps-begin:
26110,22242
21218,5486,42347
42576,21218,42347
48096,49481,26110,20615
26110,20615,71826
21218,42347,20436,5486
56173,26110,68791,20615
72064,21218,42347,20436
48096,49481,56173,26110,20615
48096,49481,20615
@dps-end:
@rep:9
@time:71.583
@trys:13107280
@seed:108626351
@dps-begin:
26110,22242
21218,5486,42347
42576,21218,42347
48096,49481,26110,20615
26110,20615,71826
21218,42347,20436,5486
56173,26110,68791,20615
72064,21218,42347,20436
48096,49481,56173,26110,20615
48096,49481,20615
@dps-end:
@rep:10
@time:71.58
@trys:13107280
@seed:107980007
@dps-begin:
26110,22242
21218,5486,42347
42576,21218,42347
48096,49481,26110,20615
26110,20615,71826
21218,42347,20436,5486
56173,26110,68791,20615
72064,21218,42347,20436
48096,49481,56173,26110,20615
48096,49481,20615
@dps-end:
@rep:11
@time:71.401
@trys:13107280
@seed:106368047
@dps-begin:
26110,22242
21218,5486,42347
42576,21218,42347
48096,49481,26110,20615
26110,20615,71826
21218,42347,20436,5486
56173,26110,68791,20615
72064,21218,42347,20436
48096,49481,56173,26110,20615
48096,49481,20615
@dps-end:
@rep:12
@time:71.395
@trys:13107280
@seed:99187427
@dps-begin:
26110,22242
21218,5486,42347
42576,21218,42347
48096,49481,26110,20615
26110,20615,71826
21218,42347,20436,5486
56173,26110,68791,20615
72064,21218,42347,20436
48096,49481,56173,26110,20615
48096,49481,20615
@dps-end:
@rep:13
@time:71.931
@trys:13107280
@seed:98976029
@dps-begin:
26110,22242
21218,5486,42347
42576,21218,42347
48096,49481,26110,20615
26110,20615,71826
21218,42347,20436,5486
56173,26110,68791,20615
72064,21218,42347,20436
48096,49481,56173,26110,20615
48096,49481,20615
@dps-end:
@rep:14
@time:71.35
@trys:13107280
@seed:97875523
@dps-begin:
26110,22242
21218,5486,42347
42576,21218,42347
48096,49481,26110,20615
26110,20615,71826
21218,42347,20436,5486
56173,26110,68791,20615
72064,21218,42347,20436
48096,49481,56173,26110,20615
48096,49481,20615
@dps-end:
@rep:15
@time:71.309
@trys:13107280
@seed:96763291
@dps-begin:
26110,22242
21218,5486,42347
42576,21218,42347
48096,49481,26110,20615
26110,20615,71826
21218,42347,20436,5486
56173,26110,68791,20615
72064,21218,42347,20436
48096,49481,56173,26110,20615
48096,49481,20615
@dps-end:
@rep:16
@time:71.883
@trys:13107280
@seed:95808337
@dps-begin:
26110,22242
21218,5486,42347
42576,21218,42347
48096,49481,26110,20615
26110,20615,71826
21218,42347,20436,5486
56173,26110,68791,20615
72064,21218,42347,20436
48096,49481,56173,26110,20615
48096,49481,20615
@dps-end:
@rep:17
@time:71.734
@trys:13107280
@seed:94847387
@dps-begin:
26110,22242
21218,5486,42347
42576,21218,42347
48096,49481,26110,20615
26110,20615,71826
21218,42347,20436,5486
56173,26110,68791,20615
72064,21218,42347,20436
48096,49481,56173,26110,20615
48096,49481,20615
@dps-end:
@rep:18
@time:71.439
@trys:13107280
@seed:87552823
@dps-begin:
26110,22242
21218,5486,42347
42576,21218,42347
48096,49481,26110,20615
26110,20615,71826
21218,42347,20436,5486
56173,26110,68791,20615
72064,21218,42347,20436
48096,49481,56173,26110,20615
48096,49481,20615
@dps-end:
@rep:19
@time:71.783
@trys:13107280
@seed:86842271
@dps-begin:
26110,22242
21218,5486,42347
42576,21218,42347
48096,49481,26110,20615
26110,20615,71826
21218,42347,20436,5486
56173,26110,68791,20615
72064,21218,42347,20436
48096,49481,56173,26110,20615
48096,49481,20615
@dps-end:
@rep:20
@time:71.465
@trys:13107280
@seed:80650457
@dps-begin:
26110,22242
21218,5486,42347
42576,21218,42347
48096,49481,26110,20615
26110,20615,71826
21218,42347,20436,5486
56173,26110,68791,20615
72064,21218,42347,20436
48096,49481,56173,26110,20615
48096,49481,20615
@dps-end:
@rep:21
@time:71.451
@trys:13107280
@seed:78220001
@dps-begin:
26110,22242
21218,5486,42347
42576,21218,42347
48096,49481,26110,20615
26110,20615,71826
21218,42347,20436,5486
56173,26110,68791,20615
72064,21218,42347,20436
48096,49481,56173,26110,20615
48096,49481,20615
@dps-end:
@rep:22
@time:70.891
@trys:13107280
@seed:74585729
@dps-begin:
26110,22242
21218,5486,42347
42576,21218,42347
48096,49481,26110,20615
26110,20615,71826
21218,42347,20436,5486
56173,26110,68791,20615
72064,21218,42347,20436
48096,49481,56173,26110,20615
48096,49481,20615
@dps-end:
@rep:23
@time:71.795
@trys:13107280
@seed:73852469
@dps-begin:
26110,22242
21218,5486,42347
42576,21218,42347
48096,49481,26110,20615
26110,20615,71826
21218,42347,20436,5486
56173,26110,68791,20615
72064,21218,42347,20436
48096,49481,56173,26110,20615
48096,49481,20615
@dps-end:
@rep:24
@time:70.83
@trys:13107280
@seed:68750849
@dps-begin:
26110,22242
21218,5486,42347
42576,21218,42347
48096,49481,26110,20615
26110,20615,71826
21218,42347,20436,5486
56173,26110,68791,20615
72064,21218,42347,20436
48096,49481,56173,26110,20615
48096,49481,20615
@dps-end:
@rep:25
@time:70.614
@trys:13107280
@seed:58160551
@dps-begin:
26110,22242
21218,5486,42347
42576,21218,42347
48096,49481,26110,20615
26110,20615,71826
21218,42347,20436,5486
56173,26110,68791,20615
72064,21218,42347,20436
48096,49481,56173,26110,20615
48096,49481,20615
@dps-end:
@rep:26
@time:72.012
@trys:13107280
@seed:45320477
@dps-begin:
26110,22242
21218,5486,42347
42576,21218,42347
48096,49481,26110,20615
26110,20615,71826
21218,42347,20436,5486
56173,26110,68791,20615
72064,21218,42347,20436
48096,49481,56173,26110,20615
48096,49481,20615
@dps-end:
@rep:27
@time:71.338
@trys:13107280
@seed:31913771
@dps-begin:
26110,22242
21218,5486,42347
42576,21218,42347
48096,49481,26110,20615
26110,20615,71826
21218,42347,20436,5486
56173,26110,68791,20615
72064,21218,42347,20436
48096,49481,56173,26110,20615
48096,49481,20615
@dps-end:
@rep:28
@time:71.381
@trys:13107280
@seed:24096223
@dps-begin:
26110,22242
21218,5486,42347
42576,21218,42347
48096,49481,26110,20615
26110,20615,71826
21218,42347,20436,5486
56173,26110,68791,20615
72064,21218,42347,20436
48096,49481,56173,26110,20615
48096,49481,20615
@dps-end:
@rep:29
@time:71.319
@trys:13107280
@seed:16980937
@dps-begin:
26110,22242
21218,5486,42347
42576,21218,42347
48096,49481,26110,20615
26110,20615,71826
21218,42347,20436,5486
56173,26110,68791,20615
72064,21218,42347,20436
48096,49481,56173,26110,20615
48096,49481,20615
@dps-end:
@rep:30
@time:71.272
@trys:13107280
@seed:8261369
@dps-begin:
26110,22242
21218,5486,42347
42576,21218,42347
48096,49481,26110,20615
26110,20615,71826
21218,42347,20436,5486
56173,26110,68791,20615
72064,21218,42347,20436
48096,49481,56173,26110,20615
48096,49481,20615
@dps-end:
