@rep:1
@time:11.127
@trys:3565320
@seed:179424673
@dps-begin:
1296,18585
16153,1295
1296,18585,22925
1296,16153,1295
28309,20453
1296,11830
18585,1295
28888,5881
1295,299
5881,1295
@dps-end:
@rep:2
@time:10.837
@trys:3565320
@seed:125164703
@dps-begin:
1296,18585
16153,1295
1296,18585,22925
1296,16153,1295
28309,20453
1296,11830
18585,1295
28888,5881
1295,299
5881,1295
@dps-end:
@rep:3
@time:10.886
@trys:3565320
@seed:132011827
@dps-begin:
1296,18585
16153,1295
1296,18585,22925
1296,16153,1295
28309,20453
1296,11830
18585,1295
28888,5881
1295,299
5881,1295
@dps-end:
@rep:4
@time:10.716
@trys:3565320
@seed:124987441
@dps-begin:
1296,18585
16153,1295
1296,18585,22925
1296,16153,1295
28309,20453
1296,11830
18585,1295
28888,5881
1295,299
5881,1295
@dps-end:
@rep:5
@time:10.742
@trys:3565320
@seed:123979721
@dps-begin:
1296,18585
16153,1295
1296,18585,22925
1296,16153,1295
28309,20453
1296,11830
18585,1295
28888,5881
1295,299
5881,1295
@dps-end:
@rep:6
@time:10.801
@trys:3565320
@seed:119777719
@dps-begin:
1296,18585
16153,1295
1296,18585,22925
1296,16153,1295
28309,20453
1296,11830
18585,1295
28888,5881
1295,299
5881,1295
@dps-end:
@rep:7
@time:10.845
@trys:3565320
@seed:117705823
@dps-begin:
1296,18585
16153,1295
1296,18585,22925
1296,16153,1295
28309,20453
1296,11830
18585,1295
28888,5881
1295,299
5881,1295
@dps-end:
@rep:8
@time:10.743
@trys:3565320
@seed:112131119
@dps-begin:
1296,18585
16153,1295
1296,18585,22925
1296,16153,1295
28309,20453
1296,11830
18585,1295
28888,5881
1295,299
5881,1295
@dps-end:
@rep:9
@time:10.73
@trys:3565320
@seed:108626351
@dps-begin:
1296,18585
16153,1295
1296,18585,22925
1296,16153,1295
28309,20453
1296,11830
18585,1295
28888,5881
1295,299
5881,1295
@dps-end:
@rep:10
@time:10.739
@trys:3565320
@seed:107980007
@dps-begin:
1296,18585
16153,1295
1296,18585,22925
1296,16153,1295
28309,20453
1296,11830
18585,1295
28888,5881
1295,299
5881,1295
@dps-end:
@rep:11
@time:10.976
@trys:3565320
@seed:106368047
@dps-begin:
1296,18585
16153,1295
1296,18585,22925
1296,16153,1295
28309,20453
1296,11830
18585,1295
28888,5881
1295,299
5881,1295
@dps-end:
@rep:12
@time:10.782
@trys:3565320
@seed:99187427
@dps-begin:
1296,18585
16153,1295
1296,18585,22925
1296,16153,1295
28309,20453
1296,11830
18585,1295
28888,5881
1295,299
5881,1295
@dps-end:
@rep:13
@time:10.924
@trys:3565320
@seed:98976029
@dps-begin:
1296,18585
16153,1295
1296,18585,22925
1296,16153,1295
28309,20453
1296,11830
18585,1295
28888,5881
1295,299
5881,1295
@dps-end:
@rep:14
@time:10.679
@trys:3565320
@seed:97875523
@dps-begin:
1296,18585
16153,1295
1296,18585,22925
1296,16153,1295
28309,20453
1296,11830
18585,1295
28888,5881
1295,299
5881,1295
@dps-end:
@rep:15
@time:10.756
@trys:3565320
@seed:96763291
@dps-begin:
1296,18585
16153,1295
1296,18585,22925
1296,16153,1295
28309,20453
1296,11830
18585,1295
28888,5881
1295,299
5881,1295
@dps-end:
@rep:16
@time:10.663
@trys:3565320
@seed:95808337
@dps-begin:
1296,18585
16153,1295
1296,18585,22925
1296,16153,1295
28309,20453
1296,11830
18585,1295
28888,5881
1295,299
5881,1295
@dps-end:
@rep:17
@time:10.786
@trys:3565320
@seed:94847387
@dps-begin:
1296,18585
16153,1295
1296,18585,22925
1296,16153,1295
28309,20453
1296,11830
18585,1295
28888,5881
1295,299
5881,1295
@dps-end:
@rep:18
@time:10.74
@trys:3565320
@seed:87552823
@dps-begin:
1296,18585
16153,1295
1296,18585,22925
1296,16153,1295
28309,20453
1296,11830
18585,1295
28888,5881
1295,299
5881,1295
@dps-end:
@rep:19
@time:10.848
@trys:3565320
@seed:86842271
@dps-begin:
1296,18585
16153,1295
1296,18585,22925
1296,16153,1295
28309,20453
1296,11830
18585,1295
28888,5881
1295,299
5881,1295
@dps-end:
@rep:20
@time:10.75
@trys:3565320
@seed:80650457
@dps-begin:
1296,18585
16153,1295
1296,18585,22925
1296,16153,1295
28309,20453
1296,11830
18585,1295
28888,5881
1295,299
5881,1295
@dps-end:
@rep:21
@time:10.661
@trys:3565320
@seed:78220001
@dps-begin:
1296,18585
16153,1295
1296,18585,22925
1296,16153,1295
28309,20453
1296,11830
18585,1295
28888,5881
1295,299
5881,1295
@dps-end:
@rep:22
@time:10.581
@trys:3565320
@seed:74585729
@dps-begin:
1296,18585
16153,1295
1296,18585,22925
1296,16153,1295
28309,20453
1296,11830
18585,1295
28888,5881
1295,299
5881,1295
@dps-end:
@rep:23
@time:10.624
@trys:3565320
@seed:73852469
@dps-begin:
1296,18585
16153,1295
1296,18585,22925
1296,16153,1295
28309,20453
1296,11830
18585,1295
28888,5881
1295,299
5881,1295
@dps-end:
@rep:24
@time:10.752
@trys:3565320
@seed:68750849
@dps-begin:
1296,18585
16153,1295
1296,18585,22925
1296,16153,1295
28309,20453
1296,11830
18585,1295
28888,5881
1295,299
5881,1295
@dps-end:
@rep:25
@time:10.765
@trys:3565320
@seed:58160551
@dps-begin:
1296,18585
16153,1295
1296,18585,22925
1296,16153,1295
28309,20453
1296,11830
18585,1295
28888,5881
1295,299
5881,1295
@dps-end:
@rep:26
@time:10.672
@trys:3565320
@seed:45320477
@dps-begin:
1296,18585
16153,1295
1296,18585,22925
1296,16153,1295
28309,20453
1296,11830
18585,1295
28888,5881
1295,299
5881,1295
@dps-end:
@rep:27
@time:10.799
@trys:3565320
@seed:31913771
@dps-begin:
1296,18585
16153,1295
1296,18585,22925
1296,16153,1295
28309,20453
1296,11830
18585,1295
28888,5881
1295,299
5881,1295
@dps-end:
@rep:28
@time:10.675
@trys:3565320
@seed:24096223
@dps-begin:
1296,18585
16153,1295
1296,18585,22925
1296,16153,1295
28309,20453
1296,11830
18585,1295
28888,5881
1295,299
5881,1295
@dps-end:
@rep:29
@time:10.688
@trys:3565320
@seed:16980937
@dps-begin:
1296,18585
16153,1295
1296,18585,22925
1296,16153,1295
28309,20453
1296,11830
18585,1295
28888,5881
1295,299
5881,1295
@dps-end:
@rep:30
@time:10.79
@trys:3565320
@seed:8261369
@dps-begin:
1296,18585
16153,1295
1296,18585,22925
1296,16153,1295
28309,20453
1296,11830
18585,1295
28888,5881
1295,299
5881,1295
@dps-end:
