@rep:1
@time:0.716
@trys:169600
@seed:179424673
@dps-begin:
811
2735
732
732,811
811,2735
1254,811
1505,811
1254
390,811
390,2735
@dps-end:
@rep:2
@time:0.754
@trys:169600
@seed:125164703
@dps-begin:
811
2735
732
732,811
811,2735
1254,811
1505,811
1254
390,811
390,2735
@dps-end:
@rep:3
@time:0.72
@trys:169600
@seed:132011827
@dps-begin:
811
2735
732
732,811
811,2735
1254,811
1505,811
1254
390,811
390,2735
@dps-end:
@rep:4
@time:0.701
@trys:169600
@seed:124987441
@dps-begin:
811
2735
732
732,811
811,2735
1254,811
1505,811
1254
390,811
390,2735
@dps-end:
@rep:5
@time:0.689
@trys:169600
@seed:123979721
@dps-begin:
811
2735
732
732,811
811,2735
1254,811
1505,811
1254
390,811
390,2735
@dps-end:
@rep:6
@time:0.678
@trys:169600
@seed:119777719
@dps-begin:
811
2735
732
732,811
811,2735
1254,811
1505,811
1254
390,811
390,2735
@dps-end:
@rep:7
@time:0.682
@trys:169600
@seed:117705823
@dps-begin:
811
2735
732
732,811
811,2735
1254,811
1505,811
1254
390,811
390,2735
@dps-end:
@rep:8
@time:0.697
@trys:169600
@seed:112131119
@dps-begin:
811
2735
732
732,811
811,2735
1254,811
1505,811
1254
390,811
390,2735
@dps-end:
@rep:9
@time:0.693
@trys:169600
@seed:108626351
@dps-begin:
811
2735
732
732,811
811,2735
1254,811
1505,811
1254
390,811
390,2735
@dps-end:
@rep:10
@time:0.688
@trys:169600
@seed:107980007
@dps-begin:
811
2735
732
732,811
811,2735
1254,811
1505,811
1254
390,811
390,2735
@dps-end:
@rep:11
@time:0.68
@trys:169600
@seed:106368047
@dps-begin:
811
2735
732
732,811
811,2735
1254,811
1505,811
1254
390,811
390,2735
@dps-end:
@rep:12
@time:0.687
@trys:169600
@seed:99187427
@dps-begin:
811
2735
732
732,811
811,2735
1254,811
1505,811
1254
390,811
390,2735
@dps-end:
@rep:13
@time:0.674
@trys:169600
@seed:98976029
@dps-begin:
811
2735
732
732,811
811,2735
1254,811
1505,811
1254
390,811
390,2735
@dps-end:
@rep:14
@time:0.677
@trys:169600
@seed:97875523
@dps-begin:
811
2735
732
732,811
811,2735
1254,811
1505,811
1254
390,811
390,2735
@dps-end:
@rep:15
@time:0.682
@trys:169600
@seed:96763291
@dps-begin:
811
2735
732
732,811
811,2735
1254,811
1505,811
1254
390,811
390,2735
@dps-end:
@rep:16
@time:0.691
@trys:169600
@seed:95808337
@dps-begin:
811
2735
732
732,811
811,2735
1254,811
1505,811
1254
390,811
390,2735
@dps-end:
@rep:17
@time:0.685
@trys:169600
@seed:94847387
@dps-begin:
811
2735
732
732,811
811,2735
1254,811
1505,811
1254
390,811
390,2735
@dps-end:
@rep:18
@time:0.702
@trys:169600
@seed:87552823
@dps-begin:
811
2735
732
732,811
811,2735
1254,811
1505,811
1254
390,811
390,2735
@dps-end:
@rep:19
@time:0.684
@trys:169600
@seed:86842271
@dps-begin:
811
2735
732
732,811
811,2735
1254,811
1505,811
1254
390,811
390,2735
@dps-end:
@rep:20
@time:0.673
@trys:169600
@seed:80650457
@dps-begin:
811
2735
732
732,811
811,2735
1254,811
1505,811
1254
390,811
390,2735
@dps-end:
@rep:21
@time:0.685
@trys:169600
@seed:78220001
@dps-begin:
811
2735
732
732,811
811,2735
1254,811
1505,811
1254
390,811
390,2735
@dps-end:
@rep:22
@time:0.671
@trys:169600
@seed:74585729
@dps-begin:
811
2735
732
732,811
811,2735
1254,811
1505,811
1254
390,811
390,2735
@dps-end:
@rep:23
@time:0.663
@trys:169600
@seed:73852469
@dps-begin:
811
2735
732
732,811
811,2735
1254,811
1505,811
1254
390,811
390,2735
@dps-end:
@rep:24
@time:0.715
@trys:169600
@seed:68750849
@dps-begin:
811
2735
732
732,811
811,2735
1254,811
1505,811
1254
390,811
390,2735
@dps-end:
@rep:25
@time:0.677
@trys:169600
@seed:58160551
@dps-begin:
811
2735
732
732,811
811,2735
1254,811
1505,811
1254
390,811
390,2735
@dps-end:
@rep:26
@time:0.679
@trys:169600
@seed:45320477
@dps-begin:
811
2735
732
732,811
811,2735
1254,811
1505,811
1254
390,811
390,2735
@dps-end:
@rep:27
@time:0.682
@trys:169600
@seed:31913771
@dps-begin:
811
2735
732
732,811
811,2735
1254,811
1505,811
1254
390,811
390,2735
@dps-end:
@rep:28
@time:0.675
@trys:169600
@seed:24096223
@dps-begin:
811
2735
732
732,811
811,2735
1254,811
1505,811
1254
390,811
390,2735
@dps-end:
@rep:29
@time:0.679
@trys:169600
@seed:16980937
@dps-begin:
811
2735
732
732,811
811,2735
1254,811
1505,811
1254
390,811
390,2735
@dps-end:
@rep:30
@time:0.697
@trys:169600
@seed:8261369
@dps-begin:
811
2735
732
732,811
811,2735
1254,811
1505,811
1254
390,811
390,2735
@dps-end:
