@rep:1
@time:15.977
@trys:2525040
@seed:179424673
@dps-begin:
16562,15707,11335,15967
16562,11335,15707
10824,16562,15707,11335
10824,11335,15967
16562,15707,6669,11335
16562,15707,11436,11335
169,16562,15707,11335
16562,23194,15707,11335
16562,15707,24637,11335
11335,15707,15967
@dps-end:
@rep:2
@time:15.349
@trys:2525040
@seed:125164703
@dps-begin:
16562,15707,11335,15967
16562,11335,15707
10824,16562,15707,11335
10824,11335,15967
16562,15707,6669,11335
16562,15707,11436,11335
169,16562,15707,11335
16562,23194,15707,11335
16562,15707,24637,11335
11335,15707,15967
@dps-end:
@rep:3
@time:15.209
@trys:2525040
@seed:132011827
@dps-begin:
16562,15707,11335,15967
16562,11335,15707
10824,16562,15707,11335
10824,11335,15967
16562,15707,6669,11335
16562,15707,11436,11335
169,16562,15707,11335
16562,23194,15707,11335
16562,15707,24637,11335
11335,15707,15967
@dps-end:
@rep:4
@time:15.442
@trys:2525040
@seed:124987441
@dps-begin:
16562,15707,11335,15967
16562,11335,15707
10824,16562,15707,11335
10824,11335,15967
16562,15707,6669,11335
16562,15707,11436,11335
169,16562,15707,11335
16562,23194,15707,11335
16562,15707,24637,11335
11335,15707,15967
@dps-end:
@rep:5
@time:15.643
@trys:2525040
@seed:123979721
@dps-begin:
16562,15707,11335,15967
16562,11335,15707
10824,16562,15707,11335
10824,11335,15967
16562,15707,6669,11335
16562,15707,11436,11335
169,16562,15707,11335
16562,23194,15707,11335
16562,15707,24637,11335
11335,15707,15967
@dps-end:
@rep:6
@time:15.335
@trys:2525040
@seed:119777719
@dps-begin:
16562,15707,11335,15967
16562,11335,15707
10824,16562,15707,11335
10824,11335,15967
16562,15707,6669,11335
16562,15707,11436,11335
169,16562,15707,11335
16562,23194,15707,11335
16562,15707,24637,11335
11335,15707,15967
@dps-end:
@rep:7
@time:15.697
@trys:2525040
@seed:117705823
@dps-begin:
16562,15707,11335,15967
16562,11335,15707
10824,16562,15707,11335
10824,11335,15967
16562,15707,6669,11335
16562,15707,11436,11335
169,16562,15707,11335
16562,23194,15707,11335
16562,15707,24637,11335
11335,15707,15967
@dps-end:
@rep:8
@time:15.569
@trys:2525040
@seed:112131119
@dps-begin:
16562,15707,11335,15967
16562,11335,15707
10824,16562,15707,11335
10824,11335,15967
16562,15707,6669,11335
16562,15707,11436,11335
169,16562,15707,11335
16562,23194,15707,11335
16562,15707,24637,11335
11335,15707,15967
@dps-end:
@rep:9
@time:15.522
@trys:2525040
@seed:108626351
@dps-begin:
16562,15707,11335,15967
16562,11335,15707
10824,16562,15707,11335
10824,11335,15967
16562,15707,6669,11335
16562,15707,11436,11335
169,16562,15707,11335
16562,23194,15707,11335
16562,15707,24637,11335
11335,15707,15967
@dps-end:
@rep:10
@time:15.433
@trys:2525040
@seed:107980007
@dps-begin:
16562,15707,11335,15967
16562,11335,15707
10824,16562,15707,11335
10824,11335,15967
16562,15707,6669,11335
16562,15707,11436,11335
169,16562,15707,11335
16562,23194,15707,11335
16562,15707,24637,11335
11335,15707,15967
@dps-end:
@rep:11
@time:15.372
@trys:2525040
@seed:106368047
@dps-begin:
16562,15707,11335,15967
16562,11335,15707
10824,16562,15707,11335
10824,11335,15967
16562,15707,6669,11335
16562,15707,11436,11335
169,16562,15707,11335
16562,23194,15707,11335
16562,15707,24637,11335
11335,15707,15967
@dps-end:
@rep:12
@time:15.491
@trys:2525040
@seed:99187427
@dps-begin:
16562,15707,11335,15967
16562,11335,15707
10824,16562,15707,11335
10824,11335,15967
16562,15707,6669,11335
16562,15707,11436,11335
169,16562,15707,11335
16562,23194,15707,11335
16562,15707,24637,11335
11335,15707,15967
@dps-end:
@rep:13
@time:15.344
@trys:2525040
@seed:98976029
@dps-begin:
16562,15707,11335,15967
16562,11335,15707
10824,16562,15707,11335
10824,11335,15967
16562,15707,6669,11335
16562,15707,11436,11335
169,16562,15707,11335
16562,23194,15707,11335
16562,15707,24637,11335
11335,15707,15967
@dps-end:
@rep:14
@time:15.61
@trys:2525040
@seed:97875523
@dps-begin:
16562,15707,11335,15967
16562,11335,15707
10824,16562,15707,11335
10824,11335,15967
16562,15707,6669,11335
16562,15707,11436,11335
169,16562,15707,11335
16562,23194,15707,11335
16562,15707,24637,11335
11335,15707,15967
@dps-end:
@rep:15
@time:15.203
@trys:2525040
@seed:96763291
@dps-begin:
16562,15707,11335,15967
16562,11335,15707
10824,16562,15707,11335
10824,11335,15967
16562,15707,6669,11335
16562,15707,11436,11335
169,16562,15707,11335
16562,23194,15707,11335
16562,15707,24637,11335
11335,15707,15967
@dps-end:
@rep:16
@time:15.484
@trys:2525040
@seed:95808337
@dps-begin:
16562,15707,11335,15967
16562,11335,15707
10824,16562,15707,11335
10824,11335,15967
16562,15707,6669,11335
16562,15707,11436,11335
169,16562,15707,11335
16562,23194,15707,11335
16562,15707,24637,11335
11335,15707,15967
@dps-end:
@rep:17
@time:15.277
@trys:2525040
@seed:94847387
@dps-begin:
16562,15707,11335,15967
16562,11335,15707
10824,16562,15707,11335
10824,11335,15967
16562,15707,6669,11335
16562,15707,11436,11335
169,16562,15707,11335
16562,23194,15707,11335
16562,15707,24637,11335
11335,15707,15967
@dps-end:
@rep:18
@time:15.041
@trys:2525040
@seed:87552823
@dps-begin:
16562,15707,11335,15967
16562,11335,15707
10824,16562,15707,11335
10824,11335,15967
16562,15707,6669,11335
16562,15707,11436,11335
169,16562,15707,11335
16562,23194,15707,11335
16562,15707,24637,11335
11335,15707,15967
@dps-end:
@rep:19
@time:14.812
@trys:2525040
@seed:86842271
@dps-begin:
16562,15707,11335,15967
16562,11335,15707
10824,16562,15707,11335
10824,11335,15967
16562,15707,6669,11335
16562,15707,11436,11335
169,16562,15707,11335
16562,23194,15707,11335
16562,15707,24637,11335
11335,15707,15967
@dps-end:
@rep:20
@time:14.776
@trys:2525040
@seed:80650457
@dps-begin:
16562,15707,11335,15967
16562,11335,15707
10824,16562,15707,11335
10824,11335,15967
16562,15707,6669,11335
16562,15707,11436,11335
169,16562,15707,11335
16562,23194,15707,11335
16562,15707,24637,11335
11335,15707,15967
@dps-end:
@rep:21
@time:14.827
@trys:2525040
@seed:78220001
@dps-begin:
16562,15707,11335,15967
16562,11335,15707
10824,16562,15707,11335
10824,11335,15967
16562,15707,6669,11335
16562,15707,11436,11335
169,16562,15707,11335
16562,23194,15707,11335
16562,15707,24637,11335
11335,15707,15967
@dps-end:
@rep:22
@time:14.685
@trys:2525040
@seed:74585729
@dps-begin:
16562,15707,11335,15967
16562,11335,15707
10824,16562,15707,11335
10824,11335,15967
16562,15707,6669,11335
16562,15707,11436,11335
169,16562,15707,11335
16562,23194,15707,11335
16562,15707,24637,11335
11335,15707,15967
@dps-end:
@rep:23
@time:14.835
@trys:2525040
@seed:73852469
@dps-begin:
16562,15707,11335,15967
16562,11335,15707
10824,16562,15707,11335
10824,11335,15967
16562,15707,6669,11335
16562,15707,11436,11335
169,16562,15707,11335
16562,23194,15707,11335
16562,15707,24637,11335
11335,15707,15967
@dps-end:
@rep:24
@time:14.726
@trys:2525040
@seed:68750849
@dps-begin:
16562,15707,11335,15967
16562,11335,15707
10824,16562,15707,11335
10824,11335,15967
16562,15707,6669,11335
16562,15707,11436,11335
169,16562,15707,11335
16562,23194,15707,11335
16562,15707,24637,11335
11335,15707,15967
@dps-end:
@rep:25
@time:14.727
@trys:2525040
@seed:58160551
@dps-begin:
16562,15707,11335,15967
16562,11335,15707
10824,16562,15707,11335
10824,11335,15967
16562,15707,6669,11335
16562,15707,11436,11335
169,16562,15707,11335
16562,23194,15707,11335
16562,15707,24637,11335
11335,15707,15967
@dps-end:
@rep:26
@time:14.764
@trys:2525040
@seed:45320477
@dps-begin:
16562,15707,11335,15967
16562,11335,15707
10824,16562,15707,11335
10824,11335,15967
16562,15707,6669,11335
16562,15707,11436,11335
169,16562,15707,11335
16562,23194,15707,11335
16562,15707,24637,11335
11335,15707,15967
@dps-end:
@rep:27
@time:14.807
@trys:2525040
@seed:31913771
@dps-begin:
16562,15707,11335,15967
16562,11335,15707
10824,16562,15707,11335
10824,11335,15967
16562,15707,6669,11335
16562,15707,11436,11335
169,16562,15707,11335
16562,23194,15707,11335
16562,15707,24637,11335
11335,15707,15967
@dps-end:
@rep:28
@time:14.702
@trys:2525040
@seed:24096223
@dps-begin:
16562,15707,11335,15967
16562,11335,15707
10824,16562,15707,11335
10824,11335,15967
16562,15707,6669,11335
16562,15707,11436,11335
169,16562,15707,11335
16562,23194,15707,11335
16562,15707,24637,11335
11335,15707,15967
@dps-end:
@rep:29
@time:14.897
@trys:2525040
@seed:16980937
@dps-begin:
16562,15707,11335,15967
16562,11335,15707
10824,16562,15707,11335
10824,11335,15967
16562,15707,6669,11335
16562,15707,11436,11335
169,16562,15707,11335
16562,23194,15707,11335
16562,15707,24637,11335
11335,15707,15967
@dps-end:
@rep:30
@time:14.953
@trys:2525040
@seed:8261369
@dps-begin:
16562,15707,11335,15967
16562,11335,15707
10824,16562,15707,11335
10824,11335,15967
16562,15707,6669,11335
16562,15707,11436,11335
169,16562,15707,11335
16562,23194,15707,11335
16562,15707,24637,11335
11335,15707,15967
@dps-end:
