@rep:1
@time:11.048
@trys:4456640
@seed:179424673
@dps-begin:
24832,38856,42385,10797,119
24832,38856,42385,10797
17192,42385,40228,10797
24832,38856,10797,119
24832,42385,10797,119
42385,40228,13364,10797
17192,42385,35259,40228,10797
24832,38856,10797
42385,40228,10797,25205
24832,38856,42385,119
@dps-end:
@rep:2
@time:10.89
@trys:4456640
@seed:125164703
@dps-begin:
24832,38856,42385,10797,119
24832,38856,42385,10797
17192,42385,40228,10797
24832,38856,10797,119
24832,42385,10797,119
42385,40228,13364,10797
17192,42385,35259,40228,10797
24832,38856,10797
42385,40228,10797,25205
24832,38856,42385,119
@dps-end:
@rep:3
@time:11.008
@trys:4456640
@seed:132011827
@dps-begin:
24832,38856,42385,10797,119
24832,38856,42385,10797
17192,42385,40228,10797
24832,38856,10797,119
24832,42385,10797,119
42385,40228,13364,10797
17192,42385,35259,40228,10797
24832,38856,10797
42385,40228,10797,25205
24832,38856,42385,119
@dps-end:
@rep:4
@time:10.98
@trys:4456640
@seed:124987441
@dps-begin:
24832,38856,42385,10797,119
24832,38856,42385,10797
17192,42385,40228,10797
24832,38856,10797,119
24832,42385,10797,119
42385,40228,13364,10797
17192,42385,35259,40228,10797
24832,38856,10797
42385,40228,10797,25205
24832,38856,42385,119
@dps-end:
@rep:5
@time:11.019
@trys:4456640
@seed:123979721
@dps-begin:
24832,38856,42385,10797,119
24832,38856,42385,10797
17192,42385,40228,10797
24832,38856,10797,119
24832,42385,10797,119
42385,40228,13364,10797
17192,42385,35259,40228,10797
24832,38856,10797
42385,40228,10797,25205
24832,38856,42385,119
@dps-end:
@rep:6
@time:11.163
@trys:4456640
@seed:119777719
@dps-begin:
24832,38856,42385,10797,119
24832,38856,42385,10797
17192,42385,40228,10797
24832,38856,10797,119
24832,42385,10797,119
42385,40228,13364,10797
17192,42385,35259,40228,10797
24832,38856,10797
42385,40228,10797,25205
24832,38856,42385,119
@dps-end:
@rep:7
@time:10.943
@trys:4456640
@seed:117705823
@dps-begin:
24832,38856,42385,10797,119
24832,38856,42385,10797
17192,42385,40228,10797
24832,38856,10797,119
24832,42385,10797,119
42385,40228,13364,10797
17192,42385,35259,40228,10797
24832,38856,10797
42385,40228,10797,25205
24832,38856,42385,119
@dps-end:
@rep:8
@time:10.953
@trys:4456640
@seed:112131119
@dps-begin:
24832,38856,42385,10797,119
24832,38856,42385,10797
17192,42385,40228,10797
24832,38856,10797,119
24832,42385,10797,119
42385,40228,13364,10797
17192,42385,35259,40228,10797
24832,38856,10797
42385,40228,10797,25205
24832,38856,42385,119
@dps-end:
@rep:9
@time:10.87
@trys:4456640
@seed:108626351
@dps-begin:
24832,38856,42385,10797,119
24832,38856,42385,10797
17192,42385,40228,10797
24832,38856,10797,119
24832,42385,10797,119
42385,40228,13364,10797
17192,42385,35259,40228,10797
24832,38856,10797
42385,40228,10797,25205
24832,38856,42385,119
@dps-end:
@rep:10
@time:11.076
@trys:4456640
@seed:107980007
@dps-begin:
24832,38856,42385,10797,119
24832,38856,42385,10797
17192,42385,40228,10797
24832,38856,10797,119
24832,42385,10797,119
42385,40228,13364,10797
17192,42385,35259,40228,10797
24832,38856,10797
42385,40228,10797,25205
24832,38856,42385,119
@dps-end:
@rep:11
@time:10.886
@trys:4456640
@seed:106368047
@dps-begin:
24832,38856,42385,10797,119
24832,38856,42385,10797
17192,42385,40228,10797
24832,38856,10797,119
24832,42385,10797,119
42385,40228,13364,10797
17192,42385,35259,40228,10797
24832,38856,10797
42385,40228,10797,25205
24832,38856,42385,119
@dps-end:
@rep:12
@time:10.937
@trys:4456640
@seed:99187427
@dps-begin:
24832,38856,42385,10797,119
24832,38856,42385,10797
17192,42385,40228,10797
24832,38856,10797,119
24832,42385,10797,119
42385,40228,13364,10797
17192,42385,35259,40228,10797
24832,38856,10797
42385,40228,10797,25205
24832,38856,42385,119
@dps-end:
@rep:13
@time:10.924
@trys:4456640
@seed:98976029
@dps-begin:
24832,38856,42385,10797,119
24832,38856,42385,10797
17192,42385,40228,10797
24832,38856,10797,119
24832,42385,10797,119
42385,40228,13364,10797
17192,42385,35259,40228,10797
24832,38856,10797
42385,40228,10797,25205
24832,38856,42385,119
@dps-end:
@rep:14
@time:11.111
@trys:4456640
@seed:97875523
@dps-begin:
24832,38856,42385,10797,119
24832,38856,42385,10797
17192,42385,40228,10797
24832,38856,10797,119
24832,42385,10797,119
42385,40228,13364,10797
17192,42385,35259,40228,10797
24832,38856,10797
42385,40228,10797,25205
24832,38856,42385,119
@dps-end:
@rep:15
@time:11.003
@trys:4456640
@seed:96763291
@dps-begin:
24832,38856,42385,10797,119
24832,38856,42385,10797
17192,42385,40228,10797
24832,38856,10797,119
24832,42385,10797,119
42385,40228,13364,10797
17192,42385,35259,40228,10797
24832,38856,10797
42385,40228,10797,25205
24832,38856,42385,119
@dps-end:
@rep:16
@time:10.975
@trys:4456640
@seed:95808337
@dps-begin:
24832,38856,42385,10797,119
24832,38856,42385,10797
17192,42385,40228,10797
24832,38856,10797,119
24832,42385,10797,119
42385,40228,13364,10797
17192,42385,35259,40228,10797
24832,38856,10797
42385,40228,10797,25205
24832,38856,42385,119
@dps-end:
@rep:17
@time:11.081
@trys:4456640
@seed:94847387
@dps-begin:
24832,38856,42385,10797,119
24832,38856,42385,10797
17192,42385,40228,10797
24832,38856,10797,119
24832,42385,10797,119
42385,40228,13364,10797
17192,42385,35259,40228,10797
24832,38856,10797
42385,40228,10797,25205
24832,38856,42385,119
@dps-end:
@rep:18
@time:10.988
@trys:4456640
@seed:87552823
@dps-begin:
24832,38856,42385,10797,119
24832,38856,42385,10797
17192,42385,40228,10797
24832,38856,10797,119
24832,42385,10797,119
42385,40228,13364,10797
17192,42385,35259,40228,10797
24832,38856,10797
42385,40228,10797,25205
24832,38856,42385,119
@dps-end:
@rep:19
@time:10.96
@trys:4456640
@seed:86842271
@dps-begin:
24832,38856,42385,10797,119
24832,38856,42385,10797
17192,42385,40228,10797
24832,38856,10797,119
24832,42385,10797,119
42385,40228,13364,10797
17192,42385,35259,40228,10797
24832,38856,10797
42385,40228,10797,25205
24832,38856,42385,119
@dps-end:
@rep:20
@time:10.934
@trys:4456640
@seed:80650457
@dps-begin:
24832,38856,42385,10797,119
24832,38856,42385,10797
17192,42385,40228,10797
24832,38856,10797,119
24832,42385,10797,119
42385,40228,13364,10797
17192,42385,35259,40228,10797
24832,38856,10797
42385,40228,10797,25205
24832,38856,42385,119
@dps-end:
@rep:21
@time:10.985
@trys:4456640
@seed:78220001
@dps-begin:
24832,38856,42385,10797,119
24832,38856,42385,10797
17192,42385,40228,10797
24832,38856,10797,119
24832,42385,10797,119
42385,40228,13364,10797
17192,42385,35259,40228,10797
24832,38856,10797
42385,40228,10797,25205
24832,38856,42385,119
@dps-end:
@rep:22
@time:11.05
@trys:4456640
@seed:74585729
@dps-begin:
24832,38856,42385,10797,119
24832,38856,42385,10797
17192,42385,40228,10797
24832,38856,10797,119
24832,42385,10797,119
42385,40228,13364,10797
17192,42385,35259,40228,10797
24832,38856,10797
42385,40228,10797,25205
24832,38856,42385,119
@dps-end:
@rep:23
@time:11.03
@trys:4456640
@seed:73852469
@dps-begin:
24832,38856,42385,10797,119
24832,38856,42385,10797
17192,42385,40228,10797
24832,38856,10797,119
24832,42385,10797,119
42385,40228,13364,10797
17192,42385,35259,40228,10797
24832,38856,10797
42385,40228,10797,25205
24832,38856,42385,119
@dps-end:
@rep:24
@time:11.083
@trys:4456640
@seed:68750849
@dps-begin:
24832,38856,42385,10797,119
24832,38856,42385,10797
17192,42385,40228,10797
24832,38856,10797,119
24832,42385,10797,119
42385,40228,13364,10797
17192,42385,35259,40228,10797
24832,38856,10797
42385,40228,10797,25205
24832,38856,42385,119
@dps-end:
@rep:25
@time:11.151
@trys:4456640
@seed:58160551
@dps-begin:
24832,38856,42385,10797,119
24832,38856,42385,10797
17192,42385,40228,10797
24832,38856,10797,119
24832,42385,10797,119
42385,40228,13364,10797
17192,42385,35259,40228,10797
24832,38856,10797
42385,40228,10797,25205
24832,38856,42385,119
@dps-end:
@rep:26
@time:11.002
@trys:4456640
@seed:45320477
@dps-begin:
24832,38856,42385,10797,119
24832,38856,42385,10797
17192,42385,40228,10797
24832,38856,10797,119
24832,42385,10797,119
42385,40228,13364,10797
17192,42385,35259,40228,10797
24832,38856,10797
42385,40228,10797,25205
24832,38856,42385,119
@dps-end:
@rep:27
@time:10.927
@trys:4456640
@seed:31913771
@dps-begin:
24832,38856,42385,10797,119
24832,38856,42385,10797
17192,42385,40228,10797
24832,38856,10797,119
24832,42385,10797,119
42385,40228,13364,10797
17192,42385,35259,40228,10797
24832,38856,10797
42385,40228,10797,25205
24832,38856,42385,119
@dps-end:
@rep:28
@time:11.016
@trys:4456640
@seed:24096223
@dps-begin:
24832,38856,42385,10797,119
24832,38856,42385,10797
17192,42385,40228,10797
24832,38856,10797,119
24832,42385,10797,119
42385,40228,13364,10797
17192,42385,35259,40228,10797
24832,38856,10797
42385,40228,10797,25205
24832,38856,42385,119
@dps-end:
@rep:29
@time:11.071
@trys:4456640
@seed:16980937
@dps-begin:
24832,38856,42385,10797,119
24832,38856,42385,10797
17192,42385,40228,10797
24832,38856,10797,119
24832,42385,10797,119
42385,40228,13364,10797
17192,42385,35259,40228,10797
24832,38856,10797
42385,40228,10797,25205
24832,38856,42385,119
@dps-end:
@rep:30
@time:11.195
@trys:4456640
@seed:8261369
@dps-begin:
24832,38856,42385,10797,119
24832,38856,42385,10797
17192,42385,40228,10797
24832,38856,10797,119
24832,42385,10797,119
42385,40228,13364,10797
17192,42385,35259,40228,10797
24832,38856,10797
42385,40228,10797,25205
24832,38856,42385,119
@dps-end:
