@rep:1
@time:5.222
@trys:2020040
@seed:179424673
@dps-begin:
21752,13402
9649,13402
21752,5128,13402
15344,13402
5128,21752
21752,13402,13307
21752,15220,13402
21752,15344,13402
10801,13402
13402
@dps-end:
@rep:2
@time:5.121
@trys:2020040
@seed:125164703
@dps-begin:
21752,13402
9649,13402
21752,5128,13402
15344,13402
5128,21752
21752,13402,13307
21752,15220,13402
21752,15344,13402
10801,13402
13402
@dps-end:
@rep:3
@time:5.144
@trys:2020040
@seed:132011827
@dps-begin:
21752,13402
9649,13402
21752,5128,13402
15344,13402
5128,21752
21752,13402,13307
21752,15220,13402
21752,15344,13402
10801,13402
13402
@dps-end:
@rep:4
@time:5.113
@trys:2020040
@seed:124987441
@dps-begin:
21752,13402
9649,13402
21752,5128,13402
15344,13402
5128,21752
21752,13402,13307
21752,15220,13402
21752,15344,13402
10801,13402
13402
@dps-end:
@rep:5
@time:5.099
@trys:2020040
@seed:123979721
@dps-begin:
21752,13402
9649,13402
21752,5128,13402
15344,13402
5128,21752
21752,13402,13307
21752,15220,13402
21752,15344,13402
10801,13402
13402
@dps-end:
@rep:6
@time:5.121
@trys:2020040
@seed:119777719
@dps-begin:
21752,13402
9649,13402
21752,5128,13402
15344,13402
5128,21752
21752,13402,13307
21752,15220,13402
21752,15344,13402
10801,13402
13402
@dps-end:
@rep:7
@time:5.059
@trys:2020040
@seed:117705823
@dps-begin:
21752,13402
9649,13402
21752,5128,13402
15344,13402
5128,21752
21752,13402,13307
21752,15220,13402
21752,15344,13402
10801,13402
13402
@dps-end:
@rep:8
@time:5.098
@trys:2020040
@seed:112131119
@dps-begin:
21752,13402
9649,13402
21752,5128,13402
15344,13402
5128,21752
21752,13402,13307
21752,15220,13402
21752,15344,13402
10801,13402
13402
@dps-end:
@rep:9
@time:5.207
@trys:2020040
@seed:108626351
@dps-begin:
21752,13402
9649,13402
21752,5128,13402
15344,13402
5128,21752
21752,13402,13307
21752,15220,13402
21752,15344,13402
10801,13402
13402
@dps-end:
@rep:10
@time:5.027
@trys:2020040
@seed:107980007
@dps-begin:
21752,13402
9649,13402
21752,5128,13402
15344,13402
5128,21752
21752,13402,13307
21752,15220,13402
21752,15344,13402
10801,13402
13402
@dps-end:
@rep:11
@time:5.052
@trys:2020040
@seed:106368047
@dps-begin:
21752,13402
9649,13402
21752,5128,13402
15344,13402
5128,21752
21752,13402,13307
21752,15220,13402
21752,15344,13402
10801,13402
13402
@dps-end:
@rep:12
@time:5.076
@trys:2020040
@seed:99187427
@dps-begin:
21752,13402
9649,13402
21752,5128,13402
15344,13402
5128,21752
21752,13402,13307
21752,15220,13402
21752,15344,13402
10801,13402
13402
@dps-end:
@rep:13
@time:5.109
@trys:2020040
@seed:98976029
@dps-begin:
21752,13402
9649,13402
21752,5128,13402
15344,13402
5128,21752
21752,13402,13307
21752,15220,13402
21752,15344,13402
10801,13402
13402
@dps-end:
@rep:14
@time:5.095
@trys:2020040
@seed:97875523
@dps-begin:
21752,13402
9649,13402
21752,5128,13402
15344,13402
5128,21752
21752,13402,13307
21752,15220,13402
21752,15344,13402
10801,13402
13402
@dps-end:
@rep:15
@time:5.034
@trys:2020040
@seed:96763291
@dps-begin:
21752,13402
9649,13402
21752,5128,13402
15344,13402
5128,21752
21752,13402,13307
21752,15220,13402
21752,15344,13402
10801,13402
13402
@dps-end:
@rep:16
@time:5.021
@trys:2020040
@seed:95808337
@dps-begin:
21752,13402
9649,13402
21752,5128,13402
15344,13402
5128,21752
21752,13402,13307
21752,15220,13402
21752,15344,13402
10801,13402
13402
@dps-end:
@rep:17
@time:5.01
@trys:2020040
@seed:94847387
@dps-begin:
21752,13402
9649,13402
21752,5128,13402
15344,13402
5128,21752
21752,13402,13307
21752,15220,13402
21752,15344,13402
10801,13402
13402
@dps-end:
@rep:18
@time:4.994
@trys:2020040
@seed:87552823
@dps-begin:
21752,13402
9649,13402
21752,5128,13402
15344,13402
5128,21752
21752,13402,13307
21752,15220,13402
21752,15344,13402
10801,13402
13402
@dps-end:
@rep:19
@time:5.026
@trys:2020040
@seed:86842271
@dps-begin:
21752,13402
9649,13402
21752,5128,13402
15344,13402
5128,21752
21752,13402,13307
21752,15220,13402
21752,15344,13402
10801,13402
13402
@dps-end:
@rep:20
@time:4.992
@trys:2020040
@seed:80650457
@dps-begin:
21752,13402
9649,13402
21752,5128,13402
15344,13402
5128,21752
21752,13402,13307
21752,15220,13402
21752,15344,13402
10801,13402
13402
@dps-end:
@rep:21
@time:4.995
@trys:2020040
@seed:78220001
@dps-begin:
21752,13402
9649,13402
21752,5128,13402
15344,13402
5128,21752
21752,13402,13307
21752,15220,13402
21752,15344,13402
10801,13402
13402
@dps-end:
@rep:22
@time:5.025
@trys:2020040
@seed:74585729
@dps-begin:
21752,13402
9649,13402
21752,5128,13402
15344,13402
5128,21752
21752,13402,13307
21752,15220,13402
21752,15344,13402
10801,13402
13402
@dps-end:
@rep:23
@time:4.933
@trys:2020040
@seed:73852469
@dps-begin:
21752,13402
9649,13402
21752,5128,13402
15344,13402
5128,21752
21752,13402,13307
21752,15220,13402
21752,15344,13402
10801,13402
13402
@dps-end:
@rep:24
@time:5.03
@trys:2020040
@seed:68750849
@dps-begin:
21752,13402
9649,13402
21752,5128,13402
15344,13402
5128,21752
21752,13402,13307
21752,15220,13402
21752,15344,13402
10801,13402
13402
@dps-end:
@rep:25
@time:5.008
@trys:2020040
@seed:58160551
@dps-begin:
21752,13402
9649,13402
21752,5128,13402
15344,13402
5128,21752
21752,13402,13307
21752,15220,13402
21752,15344,13402
10801,13402
13402
@dps-end:
@rep:26
@time:5.041
@trys:2020040
@seed:45320477
@dps-begin:
21752,13402
9649,13402
21752,5128,13402
15344,13402
5128,21752
21752,13402,13307
21752,15220,13402
21752,15344,13402
10801,13402
13402
@dps-end:
@rep:27
@time:5.07
@trys:2020040
@seed:31913771
@dps-begin:
21752,13402
9649,13402
21752,5128,13402
15344,13402
5128,21752
21752,13402,13307
21752,15220,13402
21752,15344,13402
10801,13402
13402
@dps-end:
@rep:28
@time:4.995
@trys:2020040
@seed:24096223
@dps-begin:
21752,13402
9649,13402
21752,5128,13402
15344,13402
5128,21752
21752,13402,13307
21752,15220,13402
21752,15344,13402
10801,13402
13402
@dps-end:
@rep:29
@time:5.027
@trys:2020040
@seed:16980937
@dps-begin:
21752,13402
9649,13402
21752,5128,13402
15344,13402
5128,21752
21752,13402,13307
21752,15220,13402
21752,15344,13402
10801,13402
13402
@dps-end:
@rep:30
@time:5.027
@trys:2020040
@seed:8261369
@dps-begin:
21752,13402
9649,13402
21752,5128,13402
15344,13402
5128,21752
21752,13402,13307
21752,15220,13402
21752,15344,13402
10801,13402
13402
@dps-end:
