@rep:1
@time:2.14
@trys:581040
@seed:179424673
@dps-begin:
2673
2832,2801,2829
2832,2801,2794,2829
2829,2811
2832,2829,2811
2832,2801,2811,2829
2832,2801,2829,2831
2832,2811,2875,2829
2832,2801,2794
2801,2829,2794
@dps-end:
@rep:2
@time:2.115
@trys:581040
@seed:125164703
@dps-begin:
2673
2832,2801,2829
2832,2801,2794,2829
2829,2811
2832,2829,2811
2832,2801,2811,2829
2832,2801,2829,2831
2832,2811,2875,2829
2832,2801,2794
2801,2829,2794
@dps-end:
@rep:3
@time:2.044
@trys:581040
@seed:132011827
@dps-begin:
2673
2832,2801,2829
2832,2801,2794,2829
2829,2811
2832,2829,2811
2832,2801,2811,2829
2832,2801,2829,2831
2832,2811,2875,2829
2832,2801,2794
2801,2829,2794
@dps-end:
@rep:4
@time:2.042
@trys:581040
@seed:124987441
@dps-begin:
2673
2832,2801,2829
2832,2801,2794,2829
2829,2811
2832,2829,2811
2832,2801,2811,2829
2832,2801,2829,2831
2832,2811,2875,2829
2832,2801,2794
2801,2829,2794
@dps-end:
@rep:5
@time:2.059
@trys:581040
@seed:123979721
@dps-begin:
2673
2832,2801,2829
2832,2801,2794,2829
2829,2811
2832,2829,2811
2832,2801,2811,2829
2832,2801,2829,2831
2832,2811,2875,2829
2832,2801,2794
2801,2829,2794
@dps-end:
@rep:6
@time:2.066
@trys:581040
@seed:119777719
@dps-begin:
2673
2832,2801,2829
2832,2801,2794,2829
2829,2811
2832,2829,2811
2832,2801,2811,2829
2832,2801,2829,2831
2832,2811,2875,2829
2832,2801,2794
2801,2829,2794
@dps-end:
@rep:7
@time:2.034
@trys:581040
@seed:117705823
@dps-begin:
2673
2832,2801,2829
2832,2801,2794,2829
2829,2811
2832,2829,2811
2832,2801,2811,2829
2832,2801,2829,2831
2832,2811,2875,2829
2832,2801,2794
2801,2829,2794
@dps-end:
@rep:8
@time:2.047
@trys:581040
@seed:112131119
@dps-begin:
2673
2832,2801,2829
2832,2801,2794,2829
2829,2811
2832,2829,2811
2832,2801,2811,2829
2832,2801,2829,2831
2832,2811,2875,2829
2832,2801,2794
2801,2829,2794
@dps-end:
@rep:9
@time:2.048
@trys:581040
@seed:108626351
@dps-begin:
2673
2832,2801,2829
2832,2801,2794,2829
2829,2811
2832,2829,2811
2832,2801,2811,2829
2832,2801,2829,2831
2832,2811,2875,2829
2832,2801,2794
2801,2829,2794
@dps-end:
@rep:10
@time:2.037
@trys:581040
@seed:107980007
@dps-begin:
2673
2832,2801,2829
2832,2801,2794,2829
2829,2811
2832,2829,2811
2832,2801,2811,2829
2832,2801,2829,2831
2832,2811,2875,2829
2832,2801,2794
2801,2829,2794
@dps-end:
@rep:11
@time:2.056
@trys:581040
@seed:106368047
@dps-begin:
2673
2832,2801,2829
2832,2801,2794,2829
2829,2811
2832,2829,2811
2832,2801,2811,2829
2832,2801,2829,2831
2832,2811,2875,2829
2832,2801,2794
2801,2829,2794
@dps-end:
@rep:12
@time:2.053
@trys:581040
@seed:99187427
@dps-begin:
2673
2832,2801,2829
2832,2801,2794,2829
2829,2811
2832,2829,2811
2832,2801,2811,2829
2832,2801,2829,2831
2832,2811,2875,2829
2832,2801,2794
2801,2829,2794
@dps-end:
@rep:13
@time:2.056
@trys:581040
@seed:98976029
@dps-begin:
2673
2832,2801,2829
2832,2801,2794,2829
2829,2811
2832,2829,2811
2832,2801,2811,2829
2832,2801,2829,2831
2832,2811,2875,2829
2832,2801,2794
2801,2829,2794
@dps-end:
@rep:14
@time:2.089
@trys:581040
@seed:97875523
@dps-begin:
2673
2832,2801,2829
2832,2801,2794,2829
2829,2811
2832,2829,2811
2832,2801,2811,2829
2832,2801,2829,2831
2832,2811,2875,2829
2832,2801,2794
2801,2829,2794
@dps-end:
@rep:15
@time:2.093
@trys:581040
@seed:96763291
@dps-begin:
2673
2832,2801,2829
2832,2801,2794,2829
2829,2811
2832,2829,2811
2832,2801,2811,2829
2832,2801,2829,2831
2832,2811,2875,2829
2832,2801,2794
2801,2829,2794
@dps-end:
@rep:16
@time:2.035
@trys:581040
@seed:95808337
@dps-begin:
2673
2832,2801,2829
2832,2801,2794,2829
2829,2811
2832,2829,2811
2832,2801,2811,2829
2832,2801,2829,2831
2832,2811,2875,2829
2832,2801,2794
2801,2829,2794
@dps-end:
@rep:17
@time:2.07
@trys:581040
@seed:94847387
@dps-begin:
2673
2832,2801,2829
2832,2801,2794,2829
2829,2811
2832,2829,2811
2832,2801,2811,2829
2832,2801,2829,2831
2832,2811,2875,2829
2832,2801,2794
2801,2829,2794
@dps-end:
@rep:18
@time:2.059
@trys:581040
@seed:87552823
@dps-begin:
2673
2832,2801,2829
2832,2801,2794,2829
2829,2811
2832,2829,2811
2832,2801,2811,2829
2832,2801,2829,2831
2832,2811,2875,2829
2832,2801,2794
2801,2829,2794
@dps-end:
@rep:19
@time:2.133
@trys:581040
@seed:86842271
@dps-begin:
2673
2832,2801,2829
2832,2801,2794,2829
2829,2811
2832,2829,2811
2832,2801,2811,2829
2832,2801,2829,2831
2832,2811,2875,2829
2832,2801,2794
2801,2829,2794
@dps-end:
@rep:20
@time:2.074
@trys:581040
@seed:80650457
@dps-begin:
2673
2832,2801,2829
2832,2801,2794,2829
2829,2811
2832,2829,2811
2832,2801,2811,2829
2832,2801,2829,2831
2832,2811,2875,2829
2832,2801,2794
2801,2829,2794
@dps-end:
@rep:21
@time:2.14
@trys:581040
@seed:78220001
@dps-begin:
2673
2832,2801,2829
2832,2801,2794,2829
2829,2811
2832,2829,2811
2832,2801,2811,2829
2832,2801,2829,2831
2832,2811,2875,2829
2832,2801,2794
2801,2829,2794
@dps-end:
@rep:22
@time:2.049
@trys:581040
@seed:74585729
@dps-begin:
2673
2832,2801,2829
2832,2801,2794,2829
2829,2811
2832,2829,2811
2832,2801,2811,2829
2832,2801,2829,2831
2832,2811,2875,2829
2832,2801,2794
2801,2829,2794
@dps-end:
@rep:23
@time:2.055
@trys:581040
@seed:73852469
@dps-begin:
2673
2832,2801,2829
2832,2801,2794,2829
2829,2811
2832,2829,2811
2832,2801,2811,2829
2832,2801,2829,2831
2832,2811,2875,2829
2832,2801,2794
2801,2829,2794
@dps-end:
@rep:24
@time:2.053
@trys:581040
@seed:68750849
@dps-begin:
2673
2832,2801,2829
2832,2801,2794,2829
2829,2811
2832,2829,2811
2832,2801,2811,2829
2832,2801,2829,2831
2832,2811,2875,2829
2832,2801,2794
2801,2829,2794
@dps-end:
@rep:25
@time:2.12
@trys:581040
@seed:58160551
@dps-begin:
2673
2832,2801,2829
2832,2801,2794,2829
2829,2811
2832,2829,2811
2832,2801,2811,2829
2832,2801,2829,2831
2832,2811,2875,2829
2832,2801,2794
2801,2829,2794
@dps-end:
@rep:26
@time:2.068
@trys:581040
@seed:45320477
@dps-begin:
2673
2832,2801,2829
2832,2801,2794,2829
2829,2811
2832,2829,2811
2832,2801,2811,2829
2832,2801,2829,2831
2832,2811,2875,2829
2832,2801,2794
2801,2829,2794
@dps-end:
@rep:27
@time:2.137
@trys:581040
@seed:31913771
@dps-begin:
2673
2832,2801,2829
2832,2801,2794,2829
2829,2811
2832,2829,2811
2832,2801,2811,2829
2832,2801,2829,2831
2832,2811,2875,2829
2832,2801,2794
2801,2829,2794
@dps-end:
@rep:28
@time:2.143
@trys:581040
@seed:24096223
@dps-begin:
2673
2832,2801,2829
2832,2801,2794,2829
2829,2811
2832,2829,2811
2832,2801,2811,2829
2832,2801,2829,2831
2832,2811,2875,2829
2832,2801,2794
2801,2829,2794
@dps-end:
@rep:29
@time:2.11
@trys:581040
@seed:16980937
@dps-begin:
2673
2832,2801,2829
2832,2801,2794,2829
2829,2811
2832,2829,2811
2832,2801,2811,2829
2832,2801,2829,2831
2832,2811,2875,2829
2832,2801,2794
2801,2829,2794
@dps-end:
@rep:30
@time:2.113
@trys:581040
@seed:8261369
@dps-begin:
2673
2832,2801,2829
2832,2801,2794,2829
2829,2811
2832,2829,2811
2832,2801,2811,2829
2832,2801,2829,2831
2832,2811,2875,2829
2832,2801,2794
2801,2829,2794
@dps-end:
