@rep:1
@time:46.235
@trys:4697683
@seed:179424673
@dps-begin:
22242,26110
42576,20339,23705,22206
79969,21218,24332
26929,54764
20615,25384,43517
22224,48096,4370
79969,38144,21218
47475,68791,39051
26929,27213
47475,25641
@dps-end:
@rep:2
@time:50.032
@trys:4915965
@seed:125164703
@dps-begin:
22242,26110
20436,42347,48204
26929,54764
71826,26110,21471
2192,44000,39078
25744,71826,19870
24636,46093
29584,26929
25185,54764
109095,39078
@dps-end:
@rep:3
@time:50.026
@trys:4806799
@seed:132011827
@dps-begin:
22242,26110
72064,24802,65107,20339
26110
48096,2192,39078
109095,59383
68947,20339,20615
68791,40824,39051,41950
48096,4370,44073
65459,68235,46093
29893,25384
@dps-end:
@rep:4
@time:46.823
@trys:4369937
@seed:124987441
@dps-begin:
72064,21218,71826,22076,26110
72064,24802,65107
48096,2192,70418,68791
20339,44073
68791,40824,108972
68947,39078,64073
21218,20965,5486
41461,59383
30355,26110
39078,109095
@dps-end:
@rep:5
@time:43.743
@trys:3933139
@seed:123979721
@dps-begin:
77521,68791,20615,55516,56173
20436,42347,48204
72064,24802,24332
36593,26929
2192,68791,49035
24802,71826,42950
91782,64073
25377,38056,42347
42576,60549,39051
68791,60567,42217
@dps-end:
@rep:6
@time:52.283
@trys:4806940
@seed:119777719
@dps-begin:
77521,68791,20615,55516,56173
72064,21218,20339,23705
72064,24802,24332
26110
48096,2192,39078,44073
46705,75986,42347
24802,26549,54764
29893,21167
21218,68791,65114
109095,39078
@dps-end:
@rep:7
@time:49.789
@trys:5025147
@seed:117705823
@dps-begin:
22242,26110
26929,39078
72064,24802,24332
72064,39051
109095,59383
31294,26110
48096,70418,68677,42347
42347,22206,21471
24624,65459,68791,47532
48096,4370
@dps-end:
@rep:8
@time:46.166
@trys:4697717
@seed:112131119
@dps-begin:
22242,26110
26752,71826,26110
26929,39078
42576,21218,24332,5486
42576,21218,29893
2192,36210,39078
68791,20439,70374,77147,74575
20436,58459,48204
54362,54764
59383,21471
@dps-end:
@rep:9
@time:46.327
@trys:4479278
@seed:108626351
@dps-begin:
77521,68791,20615,55516,56173
72064,24802,65107
42576,39051,41950
26110
38144,72064,70815
20615,25384
44000,2192,39078
68791,42347,108972
20965,22597
21169,70418,68677
@dps-end:
@rep:10
@time:44.777
@trys:4042326
@seed:107980007
@dps-begin:
77521,68791,55516,56173,26110
26929,39078
24802,46093,25583
47475,65459,20791
72064,23371,39051
48096,20965,20615
29893,25384
29584,70418,42347
68791,38056
2192,48096,29683
@dps-end:
@rep:11
@time:48.049
@trys:4588506
@seed:106368047
@dps-begin:
77521,68791,20615,55516,56173
72064,24802,20339
72064,24802,24332
48096,34534,44073
25377,38056,42347
29893,21167
22597,69030,42574
41461,59383
47475,29047,39051
27221,44073,28539
@dps-end:
@rep:12
@time:45.016
@trys:4151468
@seed:99187427
@dps-begin:
72064,21218,71826,22076,26110
72064,24802,65107
72064,23705,5486
2192,48096,39078
20339,19870
48096,55655,36717
26929,90690
68791,38056
42347,21471
41461,59383
@dps-end:
@rep:13
@time:46.081
@trys:4588309
@seed:98976029
@dps-begin:
22242,26110
72064,24802,21218,20339
72064,39051,24332
2192,68791,56024,55807
29893,21471
20615,2888
68791,108972
26929,59383,54764
20292,99926,64073
27491,38056
@dps-end:
@rep:14
@time:51.932
@trys:5134561
@seed:97875523
@dps-begin:
77521,68791,20615,55516,56173
72064,21218,20339,42347
72064,65459,54764
26110
28624,21218,29047
2192,48096,39078
29893,21471
109095,59383
68677,46093
39078,109095
@dps-end:
@rep:15
@time:53.668
@trys:5352980
@seed:96763291
@dps-begin:
72064,21218,71826,22076,26110
72064,21218,20339,42347
2192,39078,20615,64073
39078,64073,21471
65459,20615,70815
2192,68791,56024
29584,26929
69030,5486
41461,59383
37024,27221
@dps-end:
@rep:16
@time:43.319
@trys:4042362
@seed:95808337
@dps-begin:
72064,21218,71826,22076,26110
72064,24802,65107
72064,24802,25641,28653
42547,42347,21471
91782,64073
24802,32052,19870
41461,59383
46705,75986
79969,24608,21218
29572,26110
@dps-end:
@rep:17
@time:46.653
@trys:4697594
@seed:94847387
@dps-begin:
22242,26110
72064,24802,65107,20339
20965,42347
22689,26110
20339,44073
2192,44000,39078
47475,68791,39051
47475,25641
41461,59383
39078,109095
@dps-end:
@rep:18
@time:50.438
@trys:5243841
@seed:87552823
@dps-begin:
22242,26110
72064,20339,29893,23705
42576,68791,41950
26929,54764
2192,39078,49481,44073
109095,59383
47475,65459,20791
29893,21167
68677,49481,46093
26929,71826,44073,76061
@dps-end:
@rep:19
@time:49.039
@trys:4479056
@seed:86842271
@dps-begin:
77521,68791,55516,56173,26110
72064,24802,65107
72064,47475,24332
42576,68791
109095,59383
44232,26110
46705,25641
70418,27221,68791,44073
20561,59383
22597,69030
@dps-end:
@rep:20
@time:58.301
@trys:5899144
@seed:80650457
@dps-begin:
77521,68791,20615,55516,56173
72064,20339,23705,22076
24802,46093,25583
26929,54764
26110
26752,20339,20436
20965,68791
21218,74245,5486
21218,42547,28502
50673,70418,44073
@dps-end:
@rep:21
@time:48.483
@trys:4806855
@seed:78220001
@dps-begin:
77521,68791,20615,55516,56173
72064,21218,20339
42576,68791,41950
26929,54764
20965,42347
26110
72064,70418,65107
4370,26634
65459,68677,20615
2192,64073,71756,55807
@dps-end:
@rep:22
@time:51.236
@trys:5462269
@seed:74585729
@dps-begin:
22242,26110
42576,24802,20339,22076
42576,68791,39051
26929,54764
29893,30038
48096,2192,71826,44073
2192,22224,48096
41461,59383,25641
23813,65592,25641
356,44073,5486
@dps-end:
@rep:23
@time:46.169
@trys:4588339
@seed:73852469
@dps-begin:
22242,26110
72064,21218,20339,23705
54588,26110
30038,39051,48204
109095,59383
72064,29047,49481
21218,29047,70797
75986,27221
68791,39051
25744,72064,20791
@dps-end:
@rep:24
@time:49.023
@trys:4697527
@seed:68750849
@dps-begin:
22242,26110
72064,21218,20339,20436
42576,68791,41950
26110
72064,65459,39051
26929,71826
71826,41461,43517
47475,25641
70418,20339,48204
22597,20965
@dps-end:
@rep:25
@time:53.649
@trys:5353083
@seed:58160551
@dps-begin:
72064,21218,71826,22076,26110
72064,21218,20339
2192,39078,20615,64073
20615,75967
20339,19870
47475,65459,20791
2192,20561,55807
68947,39078,64073
42547,69030,39051
26929,31294
@dps-end:
@rep:26
@time:52.639
@trys:5243873
@seed:45320477
@dps-begin:
77521,68791,20615,55516,56173
26929,39078
48096,34534,20615,44073
72064,24802,71826,54764
26110
47475,68791,91782
109095,59383
48096,2192,39078,46093
68791,39051
42576,26929
@dps-end:
@rep:27
@time:47.345
@trys:4806845
@seed:31913771
@dps-begin:
22242,26110
42576,21218,28585,42347
20436,42347,43677
2192,26929,68791
29893,30038
20561,42950,19870
20965,68791
42576,68947,39051
26929,59383,54764
41461,59383
@dps-end:
@rep:28
@time:48.931
@trys:4370121
@seed:24096223
@dps-begin:
69249,68791,20615,55516,56173
72064,24802,65107
72064,24802,24332
29893,30038,48204
2192,68791,20615,23371
42576,68947,5486
72064,58459
20208,27221,68791
29584,70418,56024
82853,26110
@dps-end:
@rep:29
@time:45.471
@trys:4042258
@seed:16980937
@dps-begin:
22242,26110
72064,21218,20339,23705
26110,21471
26929,54764
68791,20615,68235
20561,21218,70418,5486
29893,21167
71826,19870
47475,25641
26706,68791,42347
@dps-end:
@rep:30
@time:47.778
@trys:5025349
@seed:8261369
@dps-begin:
22242,26110
72064,24802,20339,22076
72064,24802,24332
26110
42576,21218,38056,5486
65459,68791,20615,39051
4370,26634
91782,64073
2192,68791,23371
71826,19870
@dps-end:
