@rep:1
@time:0.294
@trys:156215
@seed:179424673
@dps-begin:
984
1558,3542
1792,2002
2082,301
1025
3542
3163
1558,3791
1249,3341
2082,2002
@dps-end:
@rep:2
@time:0.21
@trys:120182
@seed:125164703
@dps-begin:
984
1141,3542
1792,2002
1025,767
1141
3542
1927,3163
2082,767
3538,2133
1249,3341
@dps-end:
@rep:3
@time:0.223
@trys:120164
@seed:132011827
@dps-begin:
984
2082,3542
933,3096
1792,2002
1025
1141
1927,3163
2082,21
274,325
3542,2649
@dps-end:
@rep:4
@time:0.215
@trys:132221
@seed:124987441
@dps-begin:
984
1141,3542
933,3096
1792,2002
1025
3542
3163
2082
274,2372
1249,3341
@dps-end:
@rep:5
@time:0.25
@trys:140223
@seed:123979721
@dps-begin:
984
1025,3542
325,1141
933,3096
1792,2002
2082,301
1141
3542
1927,3163
274,2372
@dps-end:
@rep:6
@time:0.203
@trys:120211
@seed:119777719
@dps-begin:
984
1141,3542
1792,2002
1025
3542
2082
3163
274,2372
1249,3341
3491,1141
@dps-end:
@rep:7
@time:0.225
@trys:132256
@seed:117705823
@dps-begin:
984
3542,1558
2082,325
1792,2002
1025,767
1141
1927,3163
165,3542
933,3341
3542,2649
@dps-end:
@rep:8
@time:0.263
@trys:156192
@seed:112131119
@dps-begin:
984
1025,3542
2082,1028
1792,2002
1141
3542
1927,3163
933,3341
2649,3163
2082,767
@dps-end:
@rep:9
@time:0.197
@trys:124170
@seed:108626351
@dps-begin:
984
3542,1558
2002,1141
933,3096
1025
1792
2082
3163
1558,92
1249,3341
@dps-end:
@rep:10
@time:0.246
@trys:152247
@seed:107980007
@dps-begin:
984
3542,1558
1792,2002
1025,767
2082,301
3542
3163
1558,92
933,3341
2002,2082
@dps-end:
@rep:11
@time:0.21
@trys:120205
@seed:106368047
@dps-begin:
984
1558,3542
933,3096
1792,2002
1025
3542
2082
3163
274,2372
1249,3341
@dps-end:
@rep:12
@time:0.196
@trys:116197
@seed:99187427
@dps-begin:
984
1141,3542
933,3096
1792,2002
1025,767
3542
2082
3163
3459,1028
1249,3341
@dps-end:
@rep:13
@time:0.189
@trys:116205
@seed:98976029
@dps-begin:
984
2082,3542
1025,1464
1792,2002
1141
1927,3163
933,3341
1558,92
3542,2649
1025,3133
@dps-end:
@rep:14
@time:0.217
@trys:132190
@seed:97875523
@dps-begin:
984
1141,3542
1792,2002
1025
3542
2082
3163
1141,3614
274,2372
3459,1028
@dps-end:
@rep:15
@time:0.201
@trys:120226
@seed:96763291
@dps-begin:
984
2082,3542
1792,2002
1025,1464
3542
2082
3163
1558
1141,3614
1249,3341
@dps-end:
@rep:16
@time:0.213
@trys:128214
@seed:95808337
@dps-begin:
984
2082,3542
1792,2002
1025,1464
1141
274,2372
1927,3163
3542,781
1249,3341
3542,2649
@dps-end:
@rep:17
@time:0.269
@trys:156295
@seed:94847387
@dps-begin:
984
1025,3542
1141,325
1025,767
1792,2002
2082
3163
1558
1028,729
165,3542
@dps-end:
@rep:18
@time:0.207
@trys:112191
@seed:87552823
@dps-begin:
984
1558,3542
933,3096
1792,2002
1025,767
3542
2082
3163
274,2372
1249,3341
@dps-end:
@rep:19
@time:0.227
@trys:136216
@seed:86842271
@dps-begin:
984
1141,3542
1792,2002
1025
3542
2082
3163
3459,1028
1249,3341
1558,398
@dps-end:
@rep:20
@time:0.185
@trys:112168
@seed:80650457
@dps-begin:
984
3542,1558
933,3096
1792,2002
1025
3542
2082
3163
1249,3341
3491,1141
@dps-end:
@rep:21
@time:0.191
@trys:112240
@seed:78220001
@dps-begin:
984
2082,3542
933,3096
1025,1464
1792,2002
1141
1927,3163
3542,2649
560,3542
1249,3341
@dps-end:
@rep:22
@time:0.219
@trys:124230
@seed:74585729
@dps-begin:
984
1025,3542
1792,2002
2082,1028
1025
1141
1927,3163
2649,3163
1249,3341
148,3542
@dps-end:
@rep:23
@time:0.193
@trys:120187
@seed:73852469
@dps-begin:
984
1141,3542
1792,2002
933,3096
1025
1141
3542
1927,3163
2649,3163
3459,1028
@dps-end:
@rep:24
@time:0.263
@trys:156206
@seed:68750849
@dps-begin:
984
1558,3542
1792,2002
1025
3542
2082
3163
274,2372
1249,3341
2826,3163
@dps-end:
@rep:25
@time:0.253
@trys:148259
@seed:58160551
@dps-begin:
984
1025,3542
325,1141
1792,2002
933,3096
2082,301
1025
1141
1927,3163
1028,729
@dps-end:
@rep:26
@time:0.199
@trys:112166
@seed:45320477
@dps-begin:
984
1025,3542
1792,2002
2082,1028
1141
3542
1927,3163
2082,767
1249,3341
2649,3163
@dps-end:
@rep:27
@time:0.219
@trys:136247
@seed:31913771
@dps-begin:
984
1025,3542
1141,325
1792,2002
2082,301
1141
3542
1927,3163
1249,3341
2649,3163
@dps-end:
@rep:28
@time:0.208
@trys:128219
@seed:24096223
@dps-begin:
984
1025,3542
325,1141
61,301
1792,2002
3542
3163
1558
933,3341
3459,1028
@dps-end:
@rep:29
@time:0.206
@trys:120228
@seed:16980937
@dps-begin:
984
1025,3542
1141,325
933,3096
301,61
1792,2002
3542
3163
1558
1249,3341
@dps-end:
@rep:30
@time:0.206
@trys:124221
@seed:8261369
@dps-begin:
984
1025,3542
1141,325
1792,2002
1141
3542
1927,3163
2649,3163
2082,445
1249,3341
@dps-end:
