@rep:1
@time:7.754
@trys:1694139
@seed:179424673
@dps-begin:
24832,42385,40228,119,10797
42385,13364,40228,17192
24832,40228,10797
42385,35259,10797
13364,40228,17192
35680,16529,42385,17192
24832,3800,43928
35680,16529,40228
25205,17192,10797
18880,16227,10797,12525
@dps-end:
@rep:2
@time:7.512
@trys:1649675
@seed:125164703
@dps-begin:
24832,42385,40228,119,10797
42385,40228,10797
42385,17192,35259
35680,16529,13364,17192
24832,42385,40228
40228,25205,10797
42385,7814,17192,12525
35680,40228,33915,12525,10797
16529,2546,42438
42385,13364,25205
@dps-end:
@rep:3
@time:7.941
@trys:1783431
@seed:132011827
@dps-begin:
24832,42385,40228,119,10797
24832,13364,119,17192,38856
42385,40228,17192
35680,16529,40228,13364
24832,42385,40228
42385,13364,35259
40228,25205,10797
42385,12525,10797
42385,16529,17192,10797
16529,2546,42438
@dps-end:
@rep:4
@time:8.138
@trys:1827910
@seed:124987441
@dps-begin:
24832,42385,40228,119,10797
42385,40228,17192
42385,35259,10797
35680,16529,13364,40228
40228,25205,10797
24832,42385,13364
16227,17192,12525,10797
16529,42385,17192,10797
24832,42385,119
9569,40228,10797,23597
@dps-end:
@rep:5
@time:7.557
@trys:1649523
@seed:123979721
@dps-begin:
24832,42385,40228,119,10797
24832,119,17192,10797
42385,40228,17192
42385,35259,10797
40228,25205,10797
24832,119,17192
16529,42385,17192,10797
24832,42385,40228
18880,16227,10797,12525
35680,16529,43430
@dps-end:
@rep:6
@time:8.452
@trys:1872386
@seed:119777719
@dps-begin:
24832,42385,40228,119,10797
42385,40228,10797
42385,17192,35259
35680,42385,16529,10797
24832,119,17192
40228,25205,10797
16227,17192,12525,10797
16529,40228,17192,10797
42385,10290,38467,40228
42385,13364,25205
@dps-end:
@rep:7
@time:7.629
@trys:1694115
@seed:117705823
@dps-begin:
24832,42385,40228,119,10797
42385,40228,13364,10797
24832,119,10797
13364,25205,10797
42385,16529,40228,25205
24832,42385,40228
35680,16529,42385,35259
13364,40228,35259
10290,42438,17192,12525
16529,43430,10797
@dps-end:
@rep:8
@time:7.29
@trys:1694173
@seed:112131119
@dps-begin:
24832,42385,40228,119,10797
24832,119,17192,10797
42385,40228,17192
40228,13364,10797
24832,42385,42438,17192
24832,42385,40228
42385,18293,42438,10797
35680,25906,13364,17192
42385,13364,35259
16529,42385,17192,10797
@dps-end:
@rep:9
@time:7.321
@trys:1649639
@seed:108626351
@dps-begin:
24832,42385,40228,119,10797
24832,119,10797
42385,40228,17192
40228,17192,10797
42385,25205,10797
24832,42385,40228
16529,42385,40228
42385,13364,35259
42385,42438,10797
42385,9569,44218,10797
@dps-end:
@rep:10
@time:7.854
@trys:1783248
@seed:107980007
@dps-begin:
24832,42385,119,38856,10797
24832,119,17192,10797
42385,40228,17192
40228,25205,10797
24832,42385,40228
42385,10797,12525
42385,16529,17192,10797
42385,13364,35259
24832,10797
35680,16529,42438,10797
@dps-end:
@rep:11
@time:7.668
@trys:1738775
@seed:106368047
@dps-begin:
24832,42385,40228,119,10797
24832,119,17192,10797
42385,40228,17192
42385,35259,10797
24832,42385,40228
35680,42385,16529,17192
40228,25205,10797
42385,10290,42438,12525
18880,17192,10797,12525
35680,25906,10797
@dps-end:
@rep:12
@time:7.35
@trys:1649652
@seed:99187427
@dps-begin:
24832,42385,40228,119,10797
24832,119,17192,10797
42385,40228,17192
42385,16529,13364,35259
40228,25205,10797
24832,42385,40228
35680,16529,42385,17192
42385,12525,10797
9569,42385,10797,23597
42385,13364,25205
@dps-end:
@rep:13
@time:7.934
@trys:1783385
@seed:98976029
@dps-begin:
24832,42385,40228,119,10797
24832,119,10797
42385,40228,10797
42385,17192,35259
40228,13364,17192
24832,40228,43928
40228,25205,10797
42385,16529,17192,10797
35680,42385,16529,322,43430,12525
35680,16529,40228
@dps-end:
@rep:14
@time:7.598
@trys:1649748
@seed:97875523
@dps-begin:
24832,42385,119,38856,10797
24832,119,17192,10797
42385,40228,10797
42385,17192,35259
35680,42385,16529,16227,40228,12525
40228,25205,10797
24832,42385,40228
16529,42385,17192,10797
40228,10797,23597
40228,25205,17192
@dps-end:
@rep:15
@time:7.401
@trys:1649568
@seed:96763291
@dps-begin:
24832,42385,119,38856,10797
42385,13364,40228,10797
24832,42438,10797
35680,16529,40228,17192
42385,13364,35259
17192,35259,10797
24832,42385,40228
16529,2546,42438
39408,38467,13403,12525
24832,13364,119
@dps-end:
@rep:16
@time:8.315
@trys:1917081
@seed:95808337
@dps-begin:
24832,42385,40228,119,10797
24832,40228,13364,119,10797
42385,40228,10797
24832,42385,40228
16529,42385,40228,25205
13364,25205,10797
42385,13364,35259
42385,16529,17192,10797
35026,38467,40228,22895
35680,2546,40228
@dps-end:
@rep:17
@time:7.54
@trys:1783437
@seed:94847387
@dps-begin:
24832,42385,40228,119,10797
24832,42385,119,38856
24832,13364,119,10797
42385,40228,10797
16529,42385,35259,10797
35680,25906,17192,10797
24832,42385,40228
40228,25205,10797
42385,17192,12525
24832,10797
@dps-end:
@rep:18
@time:7.201
@trys:1649579
@seed:87552823
@dps-begin:
24832,42385,40228,119,10797
42385,40228,10797
42385,17192,35259
35680,16529,13364,17192
16529,42385,40228
42385,12525,10797
40228,25205,10797
24832,10797
16529,40228,10797
24832,42385,119
@dps-end:
@rep:19
@time:7.497
@trys:1738786
@seed:86842271
@dps-begin:
24832,42385,40228,119,10797
24832,119,17192,10797
42385,40228,10797
24832,25205,10797
24832,42385,40228
35680,42385,16529,17192
42385,13364,35259
42385,17192,12525
35680,16529,40228
40228,13364,35259
@dps-end:
@rep:20
@time:8.44
@trys:2095201
@seed:80650457
@dps-begin:
24832,42385,40228,119,10797
24832,119,10797
42385,40228,17192
24832,42385,40228
40228,25205,10797
42385,10797,12525
9569,42385,23597,10797
42385,13364,35259
35680,42385,16529,17192
24832,10797
@dps-end:
@rep:21
@time:7.644
@trys:1783370
@seed:78220001
@dps-begin:
24832,42385,40228,119,10797
24832,119,17192,10797
42385,40228,10797
42385,17192,10797
24832,42385,40228
42385,13364,35259
40228,25205,10797
35680,16529,42385,42310,10,12525
24832,42385,19629
18880,16529,42385,12525
@dps-end:
@rep:22
@time:7.214
@trys:1649685
@seed:74585729
@dps-begin:
24832,42385,40228,119,10797
42385,40228,10797
42385,17192,35259
35680,16529,40228,17192
42385,13364,35259
13364,25205,10797
42385,16529,17192,10797
38467,40228,12525,10797
24832,42385,119
35680,16529,42385
@dps-end:
@rep:23
@time:7.695
@trys:1738711
@seed:73852469
@dps-begin:
24832,42385,40228,119,10797
24832,119,17192,10797
42385,40228,10797
16529,42385,35259,10797
24832,42385,40228
42385,17192,12525
40228,25205,10797
13364,35259,10797
16529,2546,42438
42385,13364,25205
@dps-end:
@rep:24
@time:7.45
@trys:1783324
@seed:68750849
@dps-begin:
24832,42385,40228,119,10797
24832,119,10797
42385,40228,17192
42385,16529,13364,35259
24832,12525,10797
24832,42385,40228
35680,42385,16529,17192
40228,25205,10797
42385,12525,10797
42385,9569,23597,10797
@dps-end:
@rep:25
@time:7.62
@trys:1694136
@seed:58160551
@dps-begin:
24832,42385,40228,119,10797
42385,40228,17192
40228,13364,10797
42385,35259,10797
35680,16529,13364,17192
7814,17192,10797
35680,16529,42385
44218,35259,17467,10797
24832,42385,119
25205,17192,10797
@dps-end:
@rep:26
@time:7.519
@trys:1694183
@seed:45320477
@dps-begin:
24832,42385,40228,119,10797
24832,119,17192,10797
42385,40228,17192
42385,35259,10797
40228,25205,10797
35680,16529,42385,17192
24832,42385,40228
42385,9569,10797,23597
16529,2546,42438
18880,42385,10290,13364,12525
@dps-end:
@rep:27
@time:7.909
@trys:1827774
@seed:31913771
@dps-begin:
24832,42385,119,38856,10797
24832,119,17192,10797
42385,40228,17192
42385,10797,12525
40228,25205,10797
24832,42385,40228
42385,13364,35259
42385,16529,17192,10797
16529,2546,42438
10290,42438,17192,12525
@dps-end:
@rep:28
@time:7.246
@trys:1649605
@seed:24096223
@dps-begin:
24832,42385,40228,119,10797
24832,13364,119,17192,10797
42385,40228,10797
13364,40228,10797
24832,42385,40228
42385,13364,35259
42385,17192,12525
16529,42385,17192,10797
35680,16529,40228
16529,2546,42438
@dps-end:
@rep:29
@time:7.517
@trys:1694172
@seed:16980937
@dps-begin:
24832,42385,40228,119,10797
24832,119,17192,10797
42385,40228,17192
42385,35259,10797
40228,18293,42438,10797
16529,42385,40228
40228,25205,10797
24832,42385,40228
9569,42385,23597,10797
9569,17467,35259
@dps-end:
@rep:30
@time:8.562
@trys:2006037
@seed:8261369
@dps-begin:
24832,42385,40228,119,10797
24832,119,10797
42385,40228,10797
16529,42385,13364,35259
13364,25205,10797
24832,42385,40228
16529,42385,17192,10797
13364,35259,10797
18880,24832,1557
35680,16529,40228
@dps-end:
