@rep:1
@time:3.818
@trys:757683
@seed:179424673
@dps-begin:
21752,13402
20597
20339,13307
15220,21752
18388,13307
5128,13128
9649,17764,13402
16256,13307
21752,18157
18388,6831
@dps-end:
@rep:2
@time:3.467
@trys:783019
@seed:125164703
@dps-begin:
21752,13402
13402
20597
20339,13307
20597,21752
13128,5128
18388,13307
9649,210
16256,13307
18388,6831
@dps-end:
@rep:3
@time:3.659
@trys:833437
@seed:132011827
@dps-begin:
21752,13402
20597
20339,13307
13402,13069
18388,13307
5128,13128
9649,210
16256,13307
13402,18157
16921,13402
@dps-end:
@rep:4
@time:4.14
@trys:934519
@seed:124987441
@dps-begin:
21752,13402
20597
20339,13307
18388,21752
20597,21752
13128,5128
9649,17764,13402
16256,13307
13402,18157
16921,13402
@dps-end:
@rep:5
@time:3.838
@trys:858726
@seed:123979721
@dps-begin:
21752,13402
21752,5128
20597
20339,13307
5128,13128
9649,17764,13402
16256,13307
13402,18157
18388,6831
24807,13307
@dps-end:
@rep:6
@time:3.67
@trys:833491
@seed:119777719
@dps-begin:
21752,13402
5128,21752
20597
20339,13307
13128,5128
16256,13307
13402,18157
18388,6831
24807,13307
20597,14751
@dps-end:
@rep:7
@time:3.702
@trys:858711
@seed:117705823
@dps-begin:
21752,13402
20597
20339,13307
5128,13128
18388,13307
16256,13307
13402,18157
18388,6831
16921,13402
13307,24204
@dps-end:
@rep:8
@time:3.96
@trys:934459
@seed:112131119
@dps-begin:
21752,13402
13402
20597
20339,13307
13128,5128
18388,13307
9649,17764,13402
16256,13307
18388,6831
24807,13307
@dps-end:
@rep:9
@time:3.791
@trys:858743
@seed:108626351
@dps-begin:
21752,13402
20597
20339,13307
18388,21752
20597,21752
5128,13128
9649,17764,13402
16256,13307
13402,18157
24807,13307
@dps-end:
@rep:10
@time:3.568
@trys:782976
@seed:107980007
@dps-begin:
21752,13402
21752,5128
20597
20339,13307
13128,5128
9649,210
16256,13307
13402,18157
18388,6831
24807,13307
@dps-end:
@rep:11
@time:3.766
@trys:808215
@seed:106368047
@dps-begin:
21752,13402
13402
20597
20339,13307
5128,13128
18388,13307
9649,210
16256,13307
18388,6831
24807,13307
@dps-end:
@rep:12
@time:3.388
@trys:757761
@seed:99187427
@dps-begin:
21752,13402
20597
20339,13307
5128,13128
18388,13307
9649,17764,13402
16256,13307
13402,18157
18388,6831
24807,13307
@dps-end:
@rep:13
@time:3.662
@trys:833528
@seed:98976029
@dps-begin:
21752,13402
21752,5128
20597
20339,13307
13128,5128
9649,17764,13402
16256,13307
13402,18157
18388,6831
24807,13307
@dps-end:
@rep:14
@time:3.508
@trys:757720
@seed:97875523
@dps-begin:
21752,13402
20597
20339,13307
13402,13069
18388,13307
5128,13128
9649,210
16256,13307
21752,18157
24807,13307
@dps-end:
@rep:15
@time:3.699
@trys:833456
@seed:96763291
@dps-begin:
21752,13402
20597
20339,13307
13402,13069
5128,13128
18388,13307
9649,210
16256,13307
15344,22403,13402
13402,18157
@dps-end:
@rep:16
@time:3.51
@trys:808242
@seed:95808337
@dps-begin:
21752,13402
21752,5128
20597
20339,13307
13128,5128
9649,17764,13402
16256,13307
13402,18157
18388,6831
16921,13402
@dps-end:
@rep:17
@time:3.511
@trys:782997
@seed:94847387
@dps-begin:
21752,13402
20597
20339,13307
20597,21752
13128,5128
18388,13307
9649,17764,13402
16256,13307
13402,18157
18388,6831
@dps-end:
@rep:18
@time:3.506
@trys:808253
@seed:87552823
@dps-begin:
21752,13402
20597
20339,13307
18388,13307
13128,5128
9649,17764,13402
16256,13307
13402,18157
18388,6831
24807,13307
@dps-end:
@rep:19
@time:3.655
@trys:833446
@seed:86842271
@dps-begin:
21752,13402
20597
20339,13307
13128,5128
18388,13307
9649,17764,13402
16256,13307
13402,18157
18388,6831
24807,13307
@dps-end:
@rep:20
@time:3.839
@trys:884021
@seed:80650457
@dps-begin:
21752,13402
21752,5128
20597
20339,13307
13128,5128
9649,17764,13402
16256,13307
13402,18157
18388,6831
16921,13402
@dps-end:
@rep:21
@time:3.571
@trys:782957
@seed:78220001
@dps-begin:
21752,13402
13402
20597
20339,13307
18388,13307
5128,13128
9649,17764,13402
16256,13307
18388,6831
24807,13307
@dps-end:
@rep:22
@time:3.898
@trys:909212
@seed:74585729
@dps-begin:
21752,13402
20597
20339,13307
18388,13307
13128,5128
9649,17764,13402
16256,13307
13402,18157
18388,6831
24807,13307
@dps-end:
@rep:23
@time:3.599
@trys:808178
@seed:73852469
@dps-begin:
21752,13402
20597
20339,13307
18388,13307
13128,5128
9649,17764,13402
16256,13307
13402,18157
18388,6831
24807,13307
@dps-end:
@rep:24
@time:3.401
@trys:757785
@seed:68750849
@dps-begin:
21752,13402
20597
20339,13307
5128,13128
18388,13307
9649,17764,13402
16256,13307
13402,18157
18388,6831
16921,13402
@dps-end:
@rep:25
@time:3.318
@trys:757726
@seed:58160551
@dps-begin:
21752,13402
5128,21752
13402
20597
20339,13307
5128,13128
9649,17764,13402
16256,13307
24807,13307
18388,6831
@dps-end:
@rep:26
@time:3.516
@trys:783007
@seed:45320477
@dps-begin:
21752,13402
20597
20339,13307
18388,13307
13128,5128
9649,17764,13402
16256,13307
13402,18157
18388,6831
16921,13402
@dps-end:
@rep:27
@time:3.752
@trys:858769
@seed:31913771
@dps-begin:
21752,13402
20597
18388,21752
20339,13307
20597,21752
13128,5128
9649,210
16256,13307
13402,18157
24807,13307
@dps-end:
@rep:28
@time:3.744
@trys:858689
@seed:24096223
@dps-begin:
21752,13402
20597
20339,13307
5128,13128
18388,13307
9649,17764,13402
16256,13307
13402,18157
21752,12668
18388,6831
@dps-end:
@rep:29
@time:3.701
@trys:833461
@seed:16980937
@dps-begin:
21752,13402
13402
20597
20339,13307
18388,13307
13128,5128
9649,17764,13402
16256,13307
18388,6831
24807,13307
@dps-end:
@rep:30
@time:3.618
@trys:833438
@seed:8261369
@dps-begin:
21752,13402
20597
20339,13307
5128,13128
18388,13307
9649,17764,13402
16256,13307
13402,18157
21752,12668
18388,6831
@dps-end:
