@rep:1
@time:0.474
@trys:107809
@seed:179424673
@dps-begin:
811
1028,1839
146,40,188
1299,732
40,2255
1028,390,1629
2008,732
2564,1254,471
593,262,40
1271,844
@dps-end:
@rep:2
@time:0.483
@trys:96433
@seed:125164703
@dps-begin:
811
1028,1839
144,681,732
593,235,732
2735,191
262,188
144,681
1573,235
2795,732
2642,732
@dps-end:
@rep:3
@time:0.501
@trys:107839
@seed:132011827
@dps-begin:
811
615,40,235
146,1765
1483,2735
1514,2394
191,2735
40,1629
1347,2412
1347,1431
144,1073
@dps-end:
@rep:4
@time:0.427
@trys:104975
@seed:124987441
@dps-begin:
811
1028,1839
146,188
1765,235
1765,615
1723,2735
681,235
1344,1821
1715,118
1028,1334
@dps-end:
@rep:5
@time:0.409
@trys:104943
@seed:123979721
@dps-begin:
811
40,2412
408,732
40,2255
2735,191
1483,2735
2535,1514,732
993,2535
40,1629
1028,2255
@dps-end:
@rep:6
@time:0.408
@trys:102190
@seed:119777719
@dps-begin:
811
1028,40,235
144,681,732
1483,2735
306,40
191,2735
144,681
2564,732,2735
1028,1909
2304,732
@dps-end:
@rep:7
@time:0.426
@trys:104967
@seed:117705823
@dps-begin:
811
1028,118,235
562,188
1514,43,732
144,593,732
593,1183
144,2255,2735
2595,118
1514,43
192,732
@dps-end:
@rep:8
@time:0.432
@trys:107750
@seed:112131119
@dps-begin:
811
593,118,235
1028,1839
144,2595,732
2148,1514
144,262
2225,1514
2008,732
449,1514
1028,1723
@dps-end:
@rep:9
@time:0.432
@trys:104905
@seed:108626351
@dps-begin:
811
615,40,235
615,235
732,1167
40,2255
2072,1514
681,1183
1573,1503
1483,732
851,1514
@dps-end:
@rep:10
@time:0.435
@trys:105017
@seed:107980007
@dps-begin:
811
144,593,732
2646,1514
2642,1251
1505,1254,191
144,262
1344,482
1911,1723
593,1503
1683,615
@dps-end:
@rep:11
@time:0.459
@trys:113425
@seed:106368047
@dps-begin:
811
615,40,235
146,1765
1751,40
2642,1251
993,562
40,2393
1573,1503
1505,408
1505,473
@dps-end:
@rep:12
@time:0.444
@trys:102140
@seed:99187427
@dps-begin:
811
593,118,235
1028,1839
146,188
593,188
1765,235
1483,2735
993,2535
1028,1909
1739,732
@dps-end:
@rep:13
@time:0.491
@trys:104932
@seed:98976029
@dps-begin:
811
144,40,1514
392,1183
40,1694
390,1483
2675,1347
851,1514,732
1028,1909
1505,165
2564,1911
@dps-end:
@rep:14
@time:0.429
@trys:105092
@seed:97875523
@dps-begin:
811
144,1028,1514
562,188
408,732
593,188
1483,2735
2735,191
2595,732
392,1183
571,732
@dps-end:
@rep:15
@time:0.419
@trys:105009
@seed:96763291
@dps-begin:
811
40,2412
144,40,2735
408,732
165,1514
188,684
1739,732
2008,732
1505,2743
1505,473
@dps-end:
@rep:16
@time:0.436
@trys:107834
@seed:95808337
@dps-begin:
811
1028,40,235
40,681,1514
144,681
1347,30
1715,40
834,1911,1514
211,1514
930,1347
1511,235
@dps-end:
@rep:17
@time:0.438
@trys:104994
@seed:94847387
@dps-begin:
811
615,40,235
593,615,1514
2595,732
1715,40
1514,2222
593,1183
1723,2735
1739,732
2795,732
@dps-end:
@rep:18
@time:0.446
@trys:107832
@seed:87552823
@dps-begin:
811
1028,1839
40,2412
1344,1028
593,1183
278,1334
1254,2109
1254,43
2564,1254
390,1063
@dps-end:
@rep:19
@time:0.445
@trys:107783
@seed:86842271
@dps-begin:
811
1028,1839
40,2412
144,1028,1254
2735,191
1483,2735
1251,1683
1347,188
1028,1723
192,732
@dps-end:
@rep:20
@time:0.45
@trys:107690
@seed:80650457
@dps-begin:
811
1028,40,235
146,188
40,2255
1573,235
98,732
993,2535
2795,732
1739,732
1505,2743
@dps-end:
@rep:21
@time:0.426
@trys:104921
@seed:78220001
@dps-begin:
811
40,2412
593,235,732
144,146
392,1839
2795,732
562,1254
1765,40,2735
1531,732
1347,1431
@dps-end:
@rep:22
@time:0.438
@trys:107826
@seed:74585729
@dps-begin:
811
1344,146,732
1254,615,1514,188
732,1167
1765,615
1254,1483
1739,732
312,1514
2008,1514
1299,1254
@dps-end:
@rep:23
@time:0.427
@trys:102096
@seed:73852469
@dps-begin:
811
1254,40,2216
191,2735
732,1167
144,681
1347,30
40,1629
1254,2109
1505,473
1505,2008
@dps-end:
@rep:24
@time:0.439
@trys:104947
@seed:68750849
@dps-begin:
811
40,2412
144,146
1723,2735
2008,732
1505,165
2564,1254,732
1505,473
2198,1254
1334,118
@dps-end:
@rep:25
@time:0.476
@trys:110610
@seed:58160551
@dps-begin:
811
1028,1839
146,188
2595,732
593,1028,732
1723,2735
2795,732
2008,732
1573,1503
2304,732
@dps-end:
@rep:26
@time:0.431
@trys:104876
@seed:45320477
@dps-begin:
811
40,2412
144,40,2735
408,732
1483,2735
732,1167
1573,235
1347,188
242,1251
1829,40
@dps-end:
@rep:27
@time:0.437
@trys:110709
@seed:31913771
@dps-begin:
811
1028,1839
144,146
165,1514
146,1254,615
118,2412
2642,1251
390,1483
1911,1723
146,235
@dps-end:
@rep:28
@time:0.446
@trys:110569
@seed:24096223
@dps-begin:
811
1344,146,732
408,732
262,188
1334,732
390,1483
1344,1573
801,993
615,2393
2219,1503
@dps-end:
@rep:29
@time:0.419
@trys:102196
@seed:16980937
@dps-begin:
811
144,40,1514
1028,1254,235
1514,43,732
408,732
2225,40
1299,732
1715,40
1347,188
1483,732
@dps-end:
@rep:30
@time:0.458
@trys:113466
@seed:8261369
@dps-begin:
811
1028,40,235
146,1514,188
40,2255
1251,1683
993,1709
1344,482
235,188
1254,191
1271,40
@dps-end:
