@rep:1
@time:8.315
@trys:1471002
@seed:179424673
@dps-begin:
1296,18585
28309,20453
16049,1295
11090,10661
15421,34655
36149,28696,5881
1296,39718
1296,24312
936,1295
36149,28696
@dps-end:
@rep:2
@time:8.792
@trys:1649284
@seed:125164703
@dps-begin:
1296,18585
20453,28309
5881,1295
11090,10661
15421,34655
36149,28696,5881
1296,22925
17878,15421
39718,1295
28309,5881
@dps-end:
@rep:3
@time:7.797
@trys:1471005
@seed:132011827
@dps-begin:
1296,18585
28309,20453
5881,1295
11090,10661
15421,34655
36149,28696,5881
17878,15421
1296,24312
28696,1295
5537,15421
@dps-end:
@rep:4
@time:8.708
@trys:1604729
@seed:124987441
@dps-begin:
1296,18585
28309,20453
5881,1295
11090,10661
15421,34655
36149,28696,5881
16086,16041,1295
1296,24312
15975,1295
1296,28309
@dps-end:
@rep:5
@time:8.471
@trys:1560130
@seed:123979721
@dps-begin:
1296,18585
20453,28309
16049,1295
11090,10661
15421,34655
36149,28696,5881
1296,24312
936,1295
36149,28696
8728,34655
@dps-end:
@rep:6
@time:7.99
@trys:1471018
@seed:119777719
@dps-begin:
1296,18585
20453,28309
5881,1295
11090,10661
15421,34655
36149,28696,5881
39718,1295
936,1295
1296,24312
39425,24114,17878
@dps-end:
@rep:7
@time:7.673
@trys:1381850
@seed:117705823
@dps-begin:
1296,18585
28309,20453
16049,1295
11090,10661
15421,34655
36149,5881
1296,9495
26876,893
936,1295
39425,24114,17878
@dps-end:
@rep:8
@time:8.841
@trys:1649261
@seed:112131119
@dps-begin:
1296,18585
20453,28309
5881,1295
11090,10661
15421,34655
36149,28696,5881
1296,24312
39425,24114,17878
28696,1295
10661,781
@dps-end:
@rep:9
@time:8.29
@trys:1515606
@seed:108626351
@dps-begin:
1296,18585
20453,28309
16049,1295
11090,10661
15421,34655
36149,28696,5881
1296,39718
17878,15421
1296,24312
936,1295
@dps-end:
@rep:10
@time:8.325
@trys:1515644
@seed:107980007
@dps-begin:
1296,18585
28309,20453
18585,1295
11090,10661
15421,34655
36149,28696,5881
1296,28696
1296,24312
936,1295
1271,5881
@dps-end:
@rep:11
@time:8.951
@trys:1738519
@seed:106368047
@dps-begin:
1296,18585
28309,20453
16086,1295
11090,10661
15421,34655
36149,28696,5881
1296,24312
39425,24114,17878
36149,28696
15421,781
@dps-end:
@rep:12
@time:8.294
@trys:1515547
@seed:99187427
@dps-begin:
1296,18585
20453,28309
16049,1295
11090,10661
15421,34655
1296,28888
28696,5881
1296,24312
936,1295
39425,24114,17878
@dps-end:
@rep:13
@time:8.089
@trys:1471064
@seed:98976029
@dps-begin:
1296,18585
28309,20453
5881,1295
11090,10661
15421,34655
36149,28696,5881
1296,22925
936,1295
1296,24312
781,15421
@dps-end:
@rep:14
@time:8.557
@trys:1515605
@seed:97875523
@dps-begin:
1296,18585
28309,20453
16049,1295
11090,10661
15421,34655
36149,28696,5881
1296,39718
1296,24312
936,1295
36149,28696
@dps-end:
@rep:15
@time:8.734
@trys:1560130
@seed:96763291
@dps-begin:
1296,18585
20453,28309
16049,1295
11090,10661
15421,34655
36149,28696,5881
1296,24312
36149,28696
1296,28309
1271,5881
@dps-end:
@rep:16
@time:8.657
@trys:1560120
@seed:95808337
@dps-begin:
1296,18585
28309,20453
5881,1295
11090,10661
15421,34655
28696,5881
16086,16041,1295
1296,24312
28696,1295
5537,15421
@dps-end:
@rep:17
@time:7.877
@trys:1471126
@seed:94847387
@dps-begin:
1296,18585
28309,20453
5881,1295
11090,10661
15421,34655
36149,28696,5881
1295
26876,893
16086,16041,1295
1296,24312
@dps-end:
@rep:18
@time:8.642
@trys:1560206
@seed:87552823
@dps-begin:
1296,18585
28309,20453
5881,1295
15421,34655
36149,28696,5881
39425,17878
1296,9495
16086,16041,1295
28696,1295
10661,781
@dps-end:
@rep:19
@time:8.547
@trys:1604738
@seed:86842271
@dps-begin:
1296,18585
28309,20453
16049,1295
11090,10661
15421,34655
36149,28696,5881
1296,24312
39425,17878,893
36149,28696
1271,5881
@dps-end:
@rep:20
@time:7.977
@trys:1515578
@seed:80650457
@dps-begin:
1296,18585
20453,28309
5881,1295
11090,10661
15421,34655
36149,28696,5881
1296,22925
28309,8623
16086,16041,1295
1296,24312
@dps-end:
@rep:21
@time:7.712
@trys:1381886
@seed:78220001
@dps-begin:
1296,18585
28309,20453
5881,1295
11090,10661
15421,34655
36149,28696,5881
1296,24312
8728,34655
28696,1295
5537,15421
@dps-end:
@rep:22
@time:7.875
@trys:1470988
@seed:74585729
@dps-begin:
1296,18585
20453,28309
5881,1295
11090,10661
15421,34655
1296,22925
28696,5881
28309,18585
1296,24312
39425,17878,893
@dps-end:
@rep:23
@time:8.788
@trys:1693899
@seed:73852469
@dps-begin:
1296,18585
28309,20453
16049,1295
11090,10661
15421,34655
36149,28696,5881
1296,24312
936,1295
39425,17878,893
28696,18585
@dps-end:
@rep:24
@time:8.705
@trys:1560171
@seed:68750849
@dps-begin:
1296,18585
20453,28309
16049,1295
11090,10661
15421,34655
36149,28696,5881
26876,893
1296,24312
39425,24114,17878
36149,28696
@dps-end:
@rep:25
@time:9.229
@trys:1560162
@seed:58160551
@dps-begin:
1296,18585
28309,20453
16049,1295
11090,10661
15421,34655
36149,28696,5881
1296,24312
936,1295
36149,28696
1271,5881
@dps-end:
@rep:26
@time:8.788
@trys:1560198
@seed:45320477
@dps-begin:
1296,18585
20453,28309
16049,1295
11090,10661
15421,34655
36149,28696,5881
1296,28696
936,1295
1296,24312
39425,17878,893
@dps-end:
@rep:27
@time:8.244
@trys:1471071
@seed:31913771
@dps-begin:
1296,18585
28309,20453
5881,1295
11090,10661
15421,34655
36149,28696,5881
26876,893
28309,5881
1296,24312
28696,1295
@dps-end:
@rep:28
@time:7.739
@trys:1381827
@seed:24096223
@dps-begin:
1296,18585
20453,28309
16049,1295
11090,10661
15421,34655
36149,28696,5881
5881
17878,15421
1296,24312
28309,17017
@dps-end:
@rep:29
@time:8.088
@trys:1471038
@seed:16980937
@dps-begin:
1296,18585
28309,20453
16049,1295
11090,10661
15421,34655
36149,28696,5881
1296,39718
1296,24312
36149,299
11090,8728
@dps-end:
@rep:30
@time:8.18
@trys:1470991
@seed:8261369
@dps-begin:
1296,18585
20453,28309
16049,1295
15421,34655
36149,28696,5881
39425,17878
1296,28696
39425,24114
1296,24312
936,1295
@dps-end:
