@rep:1
@time:8.66
@trys:833605
@seed:179424673
@dps-begin:
16562,11335,15707,15967
22403,13173
15986,699
8464,23194
16562,4362
169,23098
2160,1053
13173,190
169,4332
23194,17690
@dps-end:
@rep:2
@time:8.814
@trys:833578
@seed:125164703
@dps-begin:
16562,11335,15707,15967
169,190
7446,21182
22403,4332
12596,11436
15125,15967
8464,10824
23850,10906
13173,6879
18176,14696
@dps-end:
@rep:3
@time:8.468
@trys:808332
@seed:132011827
@dps-begin:
16562,11335,15707,15967
10906,15967
5604,23194
20737,10824
5604,17466
13173,17690
12596,15594
2160,1053
9625,15967
699,4845
@dps-end:
@rep:4
@time:8.774
@trys:833586
@seed:124987441
@dps-begin:
16562,11335,15707,15967
13173,15707
12131,14696
1053,12669
1316,13173
23194,18443
19832,11436
14007,15967
16562,4362
11335,2184
@dps-end:
@rep:5
@time:8.77
@trys:808308
@seed:123979721
@dps-begin:
16562,11335,15707,15967
11335,17690
11436,24637
16562,6380
20737,10824
10824,190
22613,13173
24665,699
23846,23194
17494,11335
@dps-end:
@rep:6
@time:8.695
@trys:833554
@seed:119777719
@dps-begin:
16562,11335,15707,15967
14696,9625
645,23098
16562,4362
14100,14696
2160,4487
17317,1053
10824,11438
2177,5604
24280,6557
@dps-end:
@rep:7
@time:8.266
@trys:808377
@seed:117705823
@dps-begin:
16562,11335,15707,15967
14696,169
16562,190
10824,4362
14100,15967
18176,6669
2160,1053
645,15967
4332,6557
17690,23194
@dps-end:
@rep:8
@time:8.4
@trys:808299
@seed:112131119
@dps-begin:
16562,11335,15707,15967
23098,15967
5606,7446
15125,23194
645,4845
16562,4362
13173,17466
23098,190
17301,22613
1450,15967
@dps-end:
@rep:9
@time:8.391
@trys:808332
@seed:108626351
@dps-begin:
16562,11335,15707,15967
169,4511
5604,6557
15986,23098
22613,15707
17317,17466
12669,190
10906,1053
3600,7446
645,15967
@dps-end:
@rep:10
@time:8.103
@trys:808333
@seed:107980007
@dps-begin:
16562,11335,15707,15967
5604,15125
23315,15707
2160,16403
15986,699
2177,23098
8464,23194
16562,4362
10906,1053
12596,4487
@dps-end:
@rep:11
@time:8.306
@trys:808352
@seed:106368047
@dps-begin:
16562,11335,15707,15967
16562,24275
20737,6669
16562,2157
23315,11335
1125,11436
12669,6669
15125,17317
5497,15707
1042,13173
@dps-end:
@rep:12
@time:8.598
@trys:833617
@seed:99187427
@dps-begin:
16562,11335,15707,15967
23315,17690
18176,22403
5604,6557
2160,1053
4362,6557
699,6879
4487,15967
13173,190
12358,15967
@dps-end:
@rep:13
@time:8.424
@trys:808349
@seed:98976029
@dps-begin:
16562,11335,15707,15967
645,6557
10824,4362
23315,15707
14696,6879
169,23098
645,13173
8464,23194
5604,14100
12669,190
@dps-end:
@rep:14
@time:8.117
@trys:808322
@seed:97875523
@dps-begin:
16562,11335,15707,15967
13173,24637
15707,190
699,15967
8464,10824
15125,23194
14100,190
5604,6557
22613,15707
16562,17494
@dps-end:
@rep:15
@time:8.243
@trys:833666
@seed:96763291
@dps-begin:
16562,11335,15707,15967
23194,6557
12669,1053
23315,15707
20737,14696
17317,4362
22403,15967
169,24637
2160,1053
699,6879
@dps-end:
@rep:16
@time:8.393
@trys:783008
@seed:95808337
@dps-begin:
16562,11335,15707,15967
169,699
10824,4511
17317,12239
22403,6557
6557,190
16562,11794
8464,1053
17690,24637
23194,11438
@dps-end:
@rep:17
@time:8.756
@trys:833576
@seed:94847387
@dps-begin:
16562,11335,15707,15967
16562,21693
8464,5604
15707,190
15125,15967
5604,17466
22613,13173
17690,12669
15986,23098
16562,4362
@dps-end:
@rep:18
@time:8.251
@trys:808319
@seed:87552823
@dps-begin:
16562,11335,15707,15967
5604,13173
20737,10824
17690,15707
2177,17317
19832,4511
22403,5497
14100,11335
645,13173
8464,23194
@dps-end:
@rep:19
@time:8.282
@trys:833596
@seed:86842271
@dps-begin:
16562,11335,15707,15967
18443,11436
17253,11335
13173,5606
17466,190
14696,6669
645,15967
23098,11436
14688,14696
16562,1042
@dps-end:
@rep:20
@time:8.309
@trys:808343
@seed:80650457
@dps-begin:
16562,11335,15707,15967
14100,1053
16562,23315
17466,12669
16562,21182
17494,15967
4362,6557
17317,13402
13173,5366
24275,17690
@dps-end:
@rep:21
@time:8.376
@trys:808412
@seed:78220001
@dps-begin:
16562,11335,15707,15967
10824,169
17301,13173
23315,6557
14688,16562
11436,12669,15934
12596,4511
15986,24637
699,24637
5606,15967
@dps-end:
@rep:22
@time:8.018
@trys:808291
@seed:74585729
@dps-begin:
16562,11335,15707,15967
645,4845
13173,6879
17466,15967
5606,11436
16403,17317
5606,699
11335,24665
5604,6892
12596,18443
@dps-end:
@rep:23
@time:8.544
@trys:884028
@seed:73852469
@dps-begin:
16562,11335,15707,15967
16562,15594
17301,13173
699,12669
2177,17317
14100,11335
169,23098
13173,17466
4362,6557
645,15967
@dps-end:
@rep:24
@time:8.416
@trys:833630
@seed:68750849
@dps-begin:
16562,11335,15707,15967
5604,17466
14688,16562
17317,190
22403,4845
13173,6879
15125,19832
16562,16403
1042,13173
12131,6669
@dps-end:
@rep:25
@time:8.326
@trys:833616
@seed:58160551
@dps-begin:
16562,11335,15707,15967
14100,5604
22403,169
23315,23850
1316,1053
14100,4845
2160,23194
19832,699
12131,4332
23194,190
@dps-end:
@rep:26
@time:8.172
@trys:833603
@seed:45320477
@dps-begin:
16562,11335,15707,15967
20737,7446
16562,5366
17317,21182
17690,12669
15594,15707
14696,6879
13173,645
16562,4362
169,23098
@dps-end:
@rep:27
@time:8.669
@trys:858812
@seed:31913771
@dps-begin:
16562,11335,15707,15967
17317,169
13173,15967
17466,6557
19832,190
8464,20737
14696,6669
18835,6669
10906,23194
11436,8397
@dps-end:
@rep:28
@time:8.724
@trys:808288
@seed:24096223
@dps-begin:
16562,11335,15707,15967
5604,699
4332,6557
2160,4362
23850,15967
13109,11335
16562,17980
5606,10906
12131,12596
16562,18443
@dps-end:
@rep:29
@time:9.06
@trys:858837
@seed:16980937
@dps-begin:
16562,11335,15707,15967
23194,6557
1053,12669
10824,13402
17301,645
2160,190
20737,14696
17317,4362
17690,10906
10824,24665
@dps-end:
@rep:30
@time:8.773
@trys:858836
@seed:8261369
@dps-begin:
16562,11335,15707,15967
7446,17690
1125,11436
15707,12669
14100,15967
22403,5497
18176,699
15125,19832
16403,23194
1042,13173
@dps-end:
