@rep:1
@time:4.683
@trys:681790
@seed:179424673
@dps-begin:
12066
14971
8498
24889
12066,14971
12066,7940
22552
24889,21278
12066,9818
6640,24889
@dps-end:
@rep:2
@time:4.0
@trys:631277
@seed:125164703
@dps-begin:
12066
14971
8498
24889
12066,14971
22552
24889,21278
12066,9818
6640,24889
24889,1308
@dps-end:
@rep:3
@time:3.808
@trys:631288
@seed:132011827
@dps-begin:
12066
14971
8498
24889
12066,14971
22552
12066,9818
24889,21278
6640,24889
12066,5657
@dps-end:
@rep:4
@time:4.251
@trys:656549
@seed:124987441
@dps-begin:
12066
14971
8498
24889
12066,14971
12066,7940
22552
6640,24889
12066,1674
12066,20283
@dps-end:
@rep:5
@time:4.091
@trys:656528
@seed:123979721
@dps-begin:
12066
14971
8498
24889
12066,14971
12066,7940
22552
12066,9818
6640,24889
18410,16895
@dps-end:
@rep:6
@time:4.243
@trys:707048
@seed:119777719
@dps-begin:
12066
14971
8498
24889
12066,14971
12066,7940
22552
6640,14520
6640,24889
12066,5657
@dps-end:
@rep:7
@time:4.199
@trys:656547
@seed:117705823
@dps-begin:
12066
14971
8498
24889
12066,14971
22552
12066,9818
6640,24889
2243,24889
22552,2111
@dps-end:
@rep:8
@time:4.507
@trys:732280
@seed:112131119
@dps-begin:
12066
14971
8498
24889
12066,14971
12066,7940
22552
12066,9818
6640,24889
12066,1674
@dps-end:
@rep:9
@time:5.026
@trys:782780
@seed:108626351
@dps-begin:
12066
14971
8498
24889
12066,14971
12066,7940
22552
12066,9818
24889,21278
6640,24889
@dps-end:
@rep:10
@time:4.404
@trys:681779
@seed:107980007
@dps-begin:
12066
14971
8498
24889
12066,14971
12066,7940
22552
24889,21278
6640,24889
12066,18871
@dps-end:
@rep:11
@time:4.672
@trys:732299
@seed:106368047
@dps-begin:
12066
14971
8498
24889
12066,14971
12066,7940
22552
12066,9818
6640,24889
12066,5657
@dps-end:
@rep:12
@time:4.563
@trys:732288
@seed:99187427
@dps-begin:
12066
14971
8498
24889
12066,14971
12066,7940
22552
24889,21278
6640,24889
12066,5657
@dps-end:
@rep:13
@time:4.85
@trys:782799
@seed:98976029
@dps-begin:
12066
14971
8498
24889
12066,14971
22552
12066,9818
24889,21278
6640,24889
12066,5657
@dps-end:
@rep:14
@time:4.551
@trys:707038
@seed:97875523
@dps-begin:
12066
14971
8498
24889
12066,14971
12066,7940
22552
24889,21278
6640,24889
12066,18871
@dps-end:
@rep:15
@time:5.627
@trys:858551
@seed:96763291
@dps-begin:
12066
14971
8498
24889
12066,14971
12066,7940
22552
24889,21278
12066,9818
6640,24889
@dps-end:
@rep:16
@time:4.589
@trys:757539
@seed:95808337
@dps-begin:
12066
14971
8498
24889
12066,14971
12066,7940
22552
6640,14520
6640,24889
12066,5657
@dps-end:
@rep:17
@time:4.33
@trys:681779
@seed:94847387
@dps-begin:
12066
14971
8498
24889
12066,14971
22552
24889,21278
12066,9818
6640,24889
16835,22552
@dps-end:
@rep:18
@time:4.244
@trys:681789
@seed:87552823
@dps-begin:
12066
14971
8498
24889
12066,14971
22552
6640,14520
6640,24889
24889,1308
12066,18871
@dps-end:
@rep:19
@time:4.687
@trys:732288
@seed:86842271
@dps-begin:
12066
14971
8498
24889
12066,14971
12066,7940
22552
24889,21278
6640,24889
3824,12066
@dps-end:
@rep:20
@time:4.415
@trys:757531
@seed:80650457
@dps-begin:
12066
14971
8498
24889
12066,14971
22552
6640,24889
8166,7998
2243,24889
12066,1674
@dps-end:
@rep:21
@time:4.391
@trys:732289
@seed:78220001
@dps-begin:
12066
14971
8498
24889
12066,14971
22552
6640,14520
12066,9818
6640,24889
2243,24889
@dps-end:
@rep:22
@time:4.236
@trys:707040
@seed:74585729
@dps-begin:
12066
14971
8498
24889
12066,14971
22552
12066,9818
24889,21278
6640,24889
16835,22552
@dps-end:
@rep:23
@time:4.316
@trys:707039
@seed:73852469
@dps-begin:
12066
14971
8498
24889
12066,14971
12066,7940
22552
12066,9818
24889,21278
6640,24889
@dps-end:
@rep:24
@time:4.629
@trys:757540
@seed:68750849
@dps-begin:
12066
14971
8498
24889
12066,14971
12066,7940
22552
4755,6357
12066,9818
6640,24889
@dps-end:
@rep:25
@time:5.3
@trys:833297
@seed:58160551
@dps-begin:
12066
14971
8498
24889
12066,14971
12066,7940
22552
4755,6357
14185,24303
2243,20918
@dps-end:
@rep:26
@time:4.508
@trys:732300
@seed:45320477
@dps-begin:
12066
14971
8498
24889
12066,14971
22552
12066,9818
6640,24889
24889,1308
3824,12066
@dps-end:
@rep:27
@time:4.046
@trys:656539
@seed:31913771
@dps-begin:
12066
14971
8498
24889
12066,14971
22552
24889,21278
12066,9818
6640,24889
2243,24889
@dps-end:
@rep:28
@time:4.415
@trys:681789
@seed:24096223
@dps-begin:
12066
14971
8498
24889
12066,14971
22552
6640,24889
16835,22552
3824,12066
16880,24889
@dps-end:
@rep:29
@time:5.461
@trys:833290
@seed:16980937
@dps-begin:
12066
14971
8498
24889
12066,14971
12066,7940
22552
12066,9818
14185,24303
2243,20918
@dps-end:
@rep:30
@time:4.536
@trys:732290
@seed:8261369
@dps-begin:
12066
14971
8498
24889
12066,14971
12066,7940
22552
12066,9818
6640,24889
20279,12521
@dps-end:
