@rep:1
@time:1.199
@trys:267585
@seed:179424673
@dps-begin:
2673
2832,2801,2829
2673,2813
2832,2801,2875
2801,2861,2863
2674,2875
2673,4590
2768,2863
2864,2796
2774,2829
@dps-end:
@rep:2
@time:1.019
@trys:250167
@seed:125164703
@dps-begin:
2673
2811,2829
2673,2813
2801,2875,2863
2801,2771,2829
2837,2879
2674,2875
2787,2717
2813,2829
2864,2796
@dps-end:
@rep:3
@time:0.911
@trys:238555
@seed:132011827
@dps-begin:
2673
2832,2801,2829
2673,2813
2801,2875,2831
2674,2875
2832,2717
2768,2863
2864,2796
2673,2873
2674,2883
@dps-end:
@rep:4
@time:0.807
@trys:203617
@seed:124987441
@dps-begin:
2673
2811,2829
2673,2813
2875,2829,2813
2832,2717
2674,2875
2673,4590
2796,2829
2688,2813
2678,2813
@dps-end:
@rep:5
@time:0.71
@trys:180483
@seed:123979721
@dps-begin:
2673
2832,2801,2829
2673,2813
2801,2875
2674,2875
2832,2717
2768,2863
2787,2837
2864,2796
2673,2873
@dps-end:
@rep:6
@time:0.904
@trys:238547
@seed:119777719
@dps-begin:
2673
2811,2829
2673,2813
2801,2875,2863
2813,2717
2674,2875
2787,2837,2838,2831
2768,2863
2864,2796
2774,2829
@dps-end:
@rep:7
@time:0.857
@trys:221102
@seed:117705823
@dps-begin:
2673
2832,2801,2829
2673,2813
2801,2849,2875,2829
2832,2717
2674,2875
2673,4590
2787,2837
2864,2796
2673,2873
@dps-end:
@rep:8
@time:0.859
@trys:221143
@seed:112131119
@dps-begin:
2673
2832,2801,2829
2673,2813
2801,2875
2787,2717
2674,2875
2796,2829
2768,2863
2787,2837
2673,2873
@dps-end:
@rep:9
@time:0.936
@trys:244350
@seed:108626351
@dps-begin:
2673
2832,2801,2829
2673,2813
2801,2875,2863
2674,2875
2832,2717
2673,2794
2796,2829
2768,2863
2774,2829
@dps-end:
@rep:10
@time:0.993
@trys:244368
@seed:107980007
@dps-begin:
2673
2832,2801,2829
2673,2813
2837,2838,2811,2829
2801,2875,2863
2832,2717
2674,2875
2801,2774,2829
2768,2863
2787,2837
@dps-end:
@rep:11
@time:0.91
@trys:238536
@seed:106368047
@dps-begin:
2673
2832,2801,2829
2673,2813
2801,2875,2863
2674,2875
2832,2717
2787,2837
2864,2796
2688,2813
2673,2873
@dps-end:
@rep:12
@time:0.891
@trys:238534
@seed:99187427
@dps-begin:
2673
2832,2801,2829
2673,2813
2673,2883
2832,2837,2838,2879
2875,2829,2813
2674,2875
2864,2796
2774,2829
2838,2863,2831
@dps-end:
@rep:13
@time:0.978
@trys:256043
@seed:98976029
@dps-begin:
2673
2832,2801,2829
2673,2813
2801,2875,2863
2883,2829
2832,2717
2674,2875
2673,4590
2787,2837
2864,2796
@dps-end:
@rep:14
@time:0.999
@trys:250155
@seed:97875523
@dps-begin:
2673
2832,2801,2829
2673,2813
2794,2875,2863
2875,2813,2829
2787,2717
2674,2875
2673,4590
2864,2796
2673,2873
@dps-end:
@rep:15
@time:0.861
@trys:232713
@seed:96763291
@dps-begin:
2673
2832,2801,2829
2673,2813
2801,2875,2863
2694,2813
2673,2811
2674,2875
2832,2717
2673,4590
2796,2829
@dps-end:
@rep:16
@time:0.769
@trys:186262
@seed:95808337
@dps-begin:
2673
2832,2801,2829
2673,2813
2801,2875,2863
2787,2717
2674,2875
2801,2774,2829
2787,2837
2768,2863
2864,2796
@dps-end:
@rep:17
@time:0.967
@trys:255962
@seed:94847387
@dps-begin:
2673
2832,2801,2829
2673,2813
2794,2875,2863
2875,2813,2829
2674,2875
2832,2717
2864,2796
2774,2829
2673,2873
@dps-end:
@rep:18
@time:0.872
@trys:215302
@seed:87552823
@dps-begin:
2673
2832,2801,2829
2673,2813
2801,2875
2694,2813
2674,2875
2832,2717
2673,4590
2796,2829
2673,2873
@dps-end:
@rep:19
@time:0.825
@trys:215247
@seed:86842271
@dps-begin:
2673
2832,2801,2829
2673,2813
2801,2875,2863
2674,2875
2832,2717
2864,2796
2801,2819,2863
2673,2873
2674,2883
@dps-end:
@rep:20
@time:0.843
@trys:221107
@seed:80650457
@dps-begin:
2673
2832,2801,2829
2673,2813
2801,2875,2831
2694,2813
2832,2717
2673,2811
2674,2875
2796,2829
2787,2837
@dps-end:
@rep:21
@time:0.89
@trys:209495
@seed:78220001
@dps-begin:
2673
2832,2801,2829
2673,2813
2801,2875
2832,2717
2674,2875
2673,4590
2864,2796
2774,2829
2673,2873
@dps-end:
@rep:22
@time:0.887
@trys:232767
@seed:74585729
@dps-begin:
2673
2832,2801,2829
2673,2813
2801,2875,2863
2837,2838,2811
2832,2717
2674,2875
2787,2837
2864,2796
2774,2829
@dps-end:
@rep:23
@time:0.821
@trys:226878
@seed:73852469
@dps-begin:
2673
2832,2801,2829
2673,2813
2801,2875
2832,2717
2674,2875
2864,2796
2774,2829
2673,2873
2674,2883
@dps-end:
@rep:24
@time:0.895
@trys:232715
@seed:68750849
@dps-begin:
2673
2832,2801,2829
2673,2813
2832,2801,2875
2787,2717
2674,2875
2673,4590
2787,2837
2864,2796
2678,2813
@dps-end:
@rep:25
@time:0.849
@trys:209422
@seed:58160551
@dps-begin:
2673
2832,2801,2829
2673,2813
2673,2883
2801,2875
2717,2813
2674,2875
2864,2796
2774,2829
2673,2873
@dps-end:
@rep:26
@time:0.85
@trys:221115
@seed:45320477
@dps-begin:
2673
2832,2801,2829
2673,2813
2801,2875,2863
2832,2717
2674,2875
2796,2829
2787,2837
2813,2685
2673,2873
@dps-end:
@rep:27
@time:0.964
@trys:256007
@seed:31913771
@dps-begin:
2673
2832,2801,2829
2673,2813
2832,2801,2875,2863
2849,2829
2837,2794
2787,2717
2674,2875
2673,4590
2774,2829
@dps-end:
@rep:28
@time:0.933
@trys:255982
@seed:24096223
@dps-begin:
2673
2832,2801,2829
2673,2813
2673,2883
2801,2875
2674,2875
2832,2717
2787,2837
2864,2796
2774,2829
@dps-end:
@rep:29
@time:0.877
@trys:215285
@seed:16980937
@dps-begin:
2673
2832,2801,2829
2673,2813
2673,2883
2832,2801,2875
2717,2813
2674,2875
2673,4590
2787,2837
2864,2796
@dps-end:
@rep:30
@time:0.798
@trys:197821
@seed:8261369
@dps-begin:
2673
2832,2801,2829
2673,2813
2801,2875
2674,2875
2832,2717
2673,4590
2787,2837
2864,2796
2673,2873
@dps-end:
